13.8613356967
13.1466016904
12.8657422807
12.5662965711
12.3086720727
12.1155390713
11.8704417352
11.6830997282
11.5425656266
11.3726666975
11.2363022577
11.1685756831
11.1124423029
11.0405562012
10.9479842555
10.8929017497
10.8587384209
10.8114922049
10.7581076741
10.7202439955
10.6962094348
10.6624772321
10.639778541
10.6143920851
10.5926372938
10.5602155266
10.5388563204
10.5211142027
10.5136693108
10.5036520668
10.487281455
10.4747517189
10.4812809668
10.4787014389
10.4728423772
10.4791348499
10.4825687731
10.4804840731
10.4769182011
10.4697544751
10.465108622
10.4582343627
10.4577704509
10.4563710805
10.4504325741
10.4426922188
10.4355303869
10.4325389752
10.4276006653
10.4232418235
10.4191883469
10.4160590034
10.4141006124
10.4221375722
10.4184152653
10.4227809066
10.4255394994
10.4218489963
10.4173538323
10.414945562
10.412988193
10.4140806149
10.4262029134
10.4245642717
10.4199629887
10.427632763
10.4245403617
10.4319284724
10.4391292105
10.4369687652
10.4364061303
10.4306152589
10.4257337255
10.4409356716
10.4445985133
10.4381775735
10.4317376227
10.4273454063
10.4316345341
10.4279225505
10.4234978434
10.4176732677
10.4135622712
10.4118627698
10.40702526
10.4033908477
10.4218076112
10.4169937371
10.4345442894
10.43129328
10.4375733657
10.4317564937
10.4313757341
10.4279642561
10.4296928637
10.4244307386
10.4616485206
10.457552172
10.4520135609
10.4508710177
10.454977869
10.4566695656
10.4549719594
10.4489629513
10.4443217683
10.4402459928
10.4493868706
10.4468510291
10.4421159357
10.4496703451
10.4470246406
10.4479698354
10.486396268
10.4863976777
10.486397061
10.4863944386
10.4863897706
10.4864063456
10.4864051066
10.4864037465
10.4864051693
10.4864048324
10.4864015927
10.4864004943
10.4863989671
10.4863969831
10.4863942779
10.4863935196
10.4863879813
10.4863872764
10.4863838219
10.4863788586
10.4863797837
10.4863778237
10.4863775531
10.4863696082
10.4863667195
10.4863603209
10.4863591823
10.4863580414
10.486355697
10.4863569997
10.4863615246
10.48635942
10.4863577739
10.486356199
10.486353264
10.4863528103
10.4863516048
10.4863481145
10.4863466006
10.4863425194
10.4863457237
10.4863452432
10.4863502309
10.4863504484
10.4863462229
10.4863447077
10.4863426296
10.4863414157
10.4863415456
10.4863371893
10.4863358152
10.4863374911
10.4863316417
10.4863288382
10.4863277246
10.4863292981
10.4863280513
10.4863274049
10.4863286409
10.4863281589
10.4863326007
10.4863348275
10.4863348395
10.4863352003
10.4863379798
10.4863431442
10.4863424808
10.4863407758
10.4863400232
10.4863451546
10.4863438065
10.4863422171
10.4863414841
10.4863456801
10.4863482541
10.4863480935
10.4863477775
10.4863473622
10.4863495221
10.4863500703
10.4863479441
10.4863468587
10.4863487134
10.4863474278
10.4863486676
10.4863500194
10.486349811
10.4863503875
10.486351658
10.4863528933
10.4863536113
10.4863533597
10.4863522383
10.4863500047
10.4863492426
10.4863488608
10.4863488608
10.4863486245
10.4863473068
10.4863468952
10.4863477476
10.4863494285
10.4863509415
10.4863512947
10.4863513085
10.4863511458
10.4863515217
10.4863502838
10.4863514159
10.4863573462
10.4863558243
10.4863550907
10.4863559527
10.48635379
10.4863512781
10.4863506749
10.4863521536
10.4863536951
10.4863534873
10.4863573213
10.4863574092
10.4863564428
10.4863557576
10.486356408
10.4863558753
10.4863549304
10.4863536666
10.4863538665
10.4863540865
10.4863531629
10.4863531627
10.4863531895
10.4863537972
10.4863552976
10.4863550614
10.4863555467
10.4863541544
10.486354252
10.4863542461
10.4863548253
10.4863562469
10.486355639
10.4863560921
10.4863560336
10.4863535272
10.4863544226
10.4863536844
10.486353449
10.4863534059
10.4863579054
10.4863584701
10.4863586363
10.4863595464
10.4863601992
10.4863595637
10.4863612342
10.4863610887
10.4863606772
10.4863611852
10.4863611976
10.4863612423
10.4863611864
10.4863622493
10.486363135
10.4863627728
10.4863623513
10.486361794
10.4863596185
10.4863597252
10.4863613317
10.4863644211
10.4863639936
10.4863637558
10.4863636002
10.486363393
10.486364168
10.4863627466
10.4863620156
10.4863625009
10.4863624647
10.4863632597
10.4863654362
10.4863648437
10.4863644548
10.4863637014
10.4863647121
10.4863641355
10.4863645475
10.4863652499
10.486365247
10.486364259
10.4863657608
10.4863663681
10.4863641952
10.4863640115
10.486363094
10.4863653203
10.4863646205
10.4863645745
10.4863656355
10.4863647705
10.486365279
10.4863663083
10.4863663739
10.4863662663
10.4863656531
10.4863649084
10.4863644007
10.4863662097
10.4863657475
10.4863660567
10.4863664747
10.4863674695
10.4863673319
10.486366585
10.4863667607
10.4863667175
10.4863666748
10.4863665286
10.4863669074
10.4863660973
10.486365911
10.4863666279
10.486367083
10.4863675452
10.4863685999
10.4863678427
10.4863689472
10.4863688809
10.4863703819
10.4863700602
10.4863715636
10.4863743722
10.4863747918
10.48637443
10.4863740011
10.4863742508
10.4863745324
10.486374829
10.4863771351
10.4863777479
10.4863771307
10.4863772499
10.4863784646
10.4863785748
10.4863791828
10.4863786417
10.4863785082
10.48637823
10.4863773504
10.4863776701
10.4863775441
10.4863774941
10.4863765801
10.4863765836
10.4863764575
10.4863772098
10.4863774477
10.486378485
10.4863782906
10.4863784334
10.48637717
10.4863764549
10.4863759592
10.4863757322
10.4863754189
10.4863744305
10.4863738634
10.4863749224
10.4863746067
10.4863749142
10.4863739491
10.4863740939
10.48637425
10.4863733604
10.486373838
10.4863734207
10.4863736508
10.4863729847
10.4863731213
10.4863727675
10.4863733547
10.4863740645
10.4863738859
10.4863744423
10.4863753698
10.4863752498
10.4863739612
