14.5520474825
13.8983826674
13.6478690537
13.4969838828
13.1671074657
13.050706171
12.7999564697
12.628260874
12.3630395552
12.3303974002
12.2950803764
12.2458594548
12.210342127
12.1441296699
12.0748490758
12.0629163969
11.987267091
11.9152392051
11.8732738656
11.8448739534
11.8306773479
11.8022744424
11.7830742023
11.7391109663
11.7075735862
11.6729975588
11.6260757772
11.6038254265
11.5699380954
11.5511965255
11.5252138241
11.4718975991
11.4506912687
11.4344739038
11.3920996349
11.3817957335
11.3701973167
11.3707773679
11.3398598133
11.3103056593
11.292239948
11.2751442911
11.2717827094
11.2448635881
11.2257052247
11.2116956437
11.197804204
11.1911503015
11.1775525354
11.167823042
11.1483680607
11.1404376018
11.1159780497
11.1097318609
11.0909852994
11.0985728634
11.0773280978
11.0559594948
11.0261880656
11.0413695419
11.0199783091
10.9704984302
10.941511485
10.9055365168
10.8946944085
10.8936467425
10.8904080999
10.8719302402
10.8578481254
10.8281941925
10.8438222966
10.83327103
10.8366855532
10.8120497059
10.8018506843
10.8175790198
10.8190882823
10.8174239517
10.8056863624
10.7722480597
10.7489847678
10.7345863213
10.7425397589
10.7344166598
10.7216475792
10.7192964835
10.7202190249
10.7153821199
10.7117079756
10.7192383927
10.7104034043
10.7023838138
10.6694654787
10.6564765577
10.6323933388
10.6378896765
10.6261859371
10.6270098622
10.6183655115
10.6127062092
10.6290200543
10.6287573652
10.6206708205
10.6229849026
10.6062772976
10.6251819048
10.6228742872
10.6031243049
10.6070593443
10.6068694019
10.5983259048
10.5811223218
10.5848759066
10.5808141052
10.5677661516
10.546482572
10.5713871119
10.5571778429
10.5461704649
10.564427914
10.565741708
10.5723524924
10.5747271564
10.5803257258
10.5900512838
10.5895012225
10.5883272778
10.5907298277
10.5716436103
10.5461143385
10.5390480047
10.5354760824
10.5760371974
10.5866002836
10.5817918329
10.5760460406
10.5362390621
10.5433256597
10.5522833379
10.5497580922
10.5400296823
10.545621487
10.5430932051
10.5571060647
10.4549566751
10.45234323
10.4666121036
10.4712673813
10.4787611229
10.4776256609
10.4746570869
10.4736491796
10.4657193171
10.4422453585
10.4311281296
10.4379872429
10.4383335793
10.4362440282
10.4265805888
10.4146359906
10.4138499259
10.4252557481
10.4214533517
10.4242704203
10.4075703464
10.395672422
10.391891529
10.383788591
10.3773298656
10.372863913
10.3723127591
10.3751488395
10.3710251981
10.3849507302
10.3912661612
10.38509968
10.3746088269
10.3593437753
10.3623189986
10.3556635721
10.3614085768
10.3595291739
10.353322498
10.3572681362
10.3725390606
10.3725664379
10.3804643304
10.3604342655
10.3665421141
10.3621255028
10.3569853174
10.3619324572
10.3644685293
10.3618261099
10.3607031352
10.3663620683
10.3707769858
10.3657638985
10.3687128254
10.3610497598
10.3739417974
10.369796978
10.3822770878
10.3833581695
10.3844120044
10.3609699006
10.3602736991
10.3614030499
10.3646608502
10.3628719121
10.3801577091
10.3782933869
10.3746289451
10.3767921817
10.3758200082
10.380115965
10.3733448514
10.3779901027
10.3728401831
10.3650787432
10.3622449466
10.3661950361
10.3523341728
10.3562188684
10.3293317773
10.3137600602
10.294255317
10.2933801869
10.2820846556
10.275094941
10.2796233722
10.2826495712
10.2596699788
10.2489121018
10.2494098971
10.250236401
10.2581164123
10.260454578
10.2618433951
10.2625472481
10.2605211052
10.2502155411
10.2484314499
10.2454399863
10.2533095607
10.2561094827
10.258872807
10.2568711225
10.2570242769
10.253626501
10.2563502762
10.2785536765
10.2843242941
10.2860943184
10.3192844933
10.3190215653
10.3216681984
10.3224453755
10.3102032214
10.3006244328
10.2978185692
10.3008542678
10.3085891943
10.3182339743
10.3238837812
10.328531758
10.3307906288
10.3341189263
10.339045357
10.3092368589
10.3096960373
10.325958269
10.3221866426
10.3181450921
10.3162500825
10.3034191493
10.2820637824
10.2527446496
10.253654042
10.2439646106
10.2490116482
10.2512189187
10.2567266098
10.2339594212
10.2320468455
10.2408560296
10.2388600469
10.2397210206
10.2490110304
10.2563579616
10.2550557154
10.2471883247
10.25749916
10.2528014007
10.2587167499
10.2534649288
10.2589533014
10.2515611722
10.2522228951
10.2489918838
10.2494786154
10.2506830964
10.2476209906
10.2465074989
10.2478354792
10.2426767443
10.2431613405
10.2470922712
10.2489275354
10.2464993666
10.2526908035
10.2555348555
10.2493239283
10.2570287114
10.2551063394
10.2622396478
10.2635826945
10.2454412324
10.2430915746
10.2433324467
10.246193466
10.2421623363
10.2417191097
10.2290880553
10.2315187249
10.2315618164
10.2328391888
10.216273955
10.2118540647
10.1859400785
10.1879278946
10.1912349455
10.1822654608
10.1698222693
10.167535609
10.1645850653
10.1600971976
10.1211781639
10.1224319426
10.1235475191
10.1257553136
10.126230754
10.122930509
10.1123743745
10.1102391459
10.0998996475
10.1025442204
10.075625173
10.0770595327
10.0829897111
10.0846126123
10.0827483792
10.0840061819
10.0906095086
10.0833307501
10.0914755365
10.0865657862
10.0749312783
10.0787582075
10.0753022194
10.079132843
10.0824108547
10.0812569562
10.0724234759
10.0737640018
10.0740344591
10.0792692797
10.0804482466
10.0788520725
10.0752709048
10.0841924198
10.0969803735
10.0957050139
10.1007607411
10.0973178034
10.0931025341
10.0909161975
10.0819523206
10.0800877498
10.0522226919
10.0635587878
10.0683964703
10.0687793011
10.05559865
10.0563385798
10.0478881828
10.0408506667
10.0374774128
10.0395058695
10.0341991929
10.044831984
10.0106833802
10.0174151308
10.0143244435
10.0122516008
10.0098032897
10.0150108583
10.0183420131
10.0214230931
10.0299344942
