[161, 163, 203, 278, 356, 665, 960, 990, 1138, 1191, 1571]
[188, 205, 825, 828, 969, 1068, 1261, 1402, 1477, 1490, 1547]
[16, 56, 401, 534, 643, 1195, 1277, 1287, 1303, 1313, 1370, 1403, 1420, 1559]
[65, 282, 455, 618, 779, 783, 793, 894, 963, 1042, 1126, 1347, 1374, 1396, 1479, 1572]
[60, 441, 628, 694, 906, 1304]
[105, 367, 368, 469, 704, 706, 769, 812, 949, 973, 1050, 1198, 1203, 1222, 1306, 1511]
[108, 135, 191, 196, 207, 373, 757, 772, 776, 800, 861, 891, 923, 1104, 1272, 1380]
[35, 67, 80, 259, 286, 303, 369, 452, 692, 807, 996, 1070, 1140, 1368]
[74, 179, 201, 299, 324, 420, 434, 443, 768, 795, 978, 993, 1159, 1326, 1340, 1397, 1451]
[244, 312, 387, 528, 555, 718, 730, 860, 942, 1055, 1071, 1085, 1156, 1246, 1475]
[77, 169, 178, 268, 298, 305, 512, 522, 529, 669, 679, 1019, 1325, 1358, 1544]
[123, 309, 439, 541, 753, 877, 961, 1004, 1093, 1162, 1233, 1349, 1356]
[150, 222, 509, 520, 610, 619, 650, 662, 690, 738, 756, 895, 965, 1034, 1310, 1339, 1472, 1578]
[42, 107, 362, 436, 453, 458, 468, 780, 889, 1043, 1137, 1157, 1250, 1255, 1280, 1333, 1360, 1426, 1476, 1517]
[3, 24, 110, 248, 412, 644, 789, 792, 854, 964, 975, 1091, 1315, 1332, 1553, 1588]
[101, 260, 276, 338, 342, 357, 408, 537, 684, 745, 1440]
[47, 132, 363, 416, 473, 530, 578, 870, 872, 1095, 1144, 1301, 1319, 1548, 1550]
[114, 246, 294, 388, 624, 707, 715, 816, 823, 1026, 1146, 1168, 1227, 1418, 1580]
[49, 61, 197, 526, 549, 577, 614, 634, 741, 853, 934, 967, 1017, 1094, 1152, 1170, 1392, 1453]
[328, 506, 649, 695, 726, 786, 979, 1023, 1027, 1031, 1061, 1084, 1178, 1320, 1344]
[32, 445, 462, 479, 608, 660, 755, 763, 901, 1012, 1536]
[26, 46, 58, 72, 90, 124, 137, 422, 457, 519, 635, 732, 742, 956, 970, 1110, 1123, 1219, 1265, 1467, 1502, 1508, 1518]
[82, 200, 250, 279, 345, 385, 497, 499, 532, 630, 725, 819, 896, 972, 1045, 1059, 1069, 1122, 1215, 1297, 1371, 1376, 1393, 1506]
[29, 151, 352, 507, 627, 639, 659, 685, 766, 863, 865, 946, 1058, 1147, 1273]
[13, 89, 190, 337, 465, 651, 701, 759, 761, 1065, 1569]
[45, 117, 257, 488, 494, 668, 1030, 1293, 1343, 1384]
[0, 84, 233, 280, 285, 317, 389, 398, 427, 553, 797, 824, 868, 880, 985, 1150, 1346, 1412, 1566, 1581]
[66, 182, 218, 734, 821, 1176, 1232, 1275, 1427]
[215, 340, 421, 615, 721, 746, 748, 892, 1066, 1194, 1458, 1535, 1557]
[158, 339, 466, 481, 525, 560, 664, 716, 814, 884, 1053, 1160, 1182, 1245, 1389]
[5, 119, 145, 166, 475, 516, 547, 565, 652, 735, 848, 881, 1020, 1021, 1237, 1521, 1545, 1582]
[142, 173, 223, 258, 376, 471, 661, 1062, 1088, 1124, 1357, 1558]
[261, 288, 633, 655, 836, 857, 897, 980, 1187, 1197, 1228, 1258, 1314, 1378, 1432]
[97, 129, 252, 266, 301, 307, 379, 581, 590, 595, 612, 697, 703, 813, 966, 1098, 1174, 1331, 1367, 1470, 1471]
[25, 39, 64, 141, 240, 262, 440, 765, 784, 841, 929, 1003, 1008, 1128, 1202, 1242, 1341, 1364, 1570]
[69, 85, 120, 174, 341, 483, 569, 642, 671, 747, 918, 1054, 1108, 1135, 1214, 1238, 1254, 1296]
[14, 172, 472, 744, 760, 1009, 1101, 1324, 1433, 1461, 1564]
[210, 213, 220, 297, 395, 426, 1247, 1283, 1295, 1308]
[95, 277, 295, 350, 400, 410, 683, 719, 728, 739, 818, 850, 903, 933, 1081, 1285, 1425, 1505, 1524]
[198, 404, 838, 856, 936, 944, 1177, 1359, 1373, 1463]
[23, 92, 409, 515, 517, 584, 663, 722, 724, 773, 930, 987, 1087, 1164, 1190, 1241, 1481]
[15, 70, 348, 359, 429, 449, 938, 971, 1006, 1090, 1351, 1409, 1413, 1428]
[1, 103, 112, 156, 474, 562, 666, 710, 948, 986, 1107, 1478, 1491]
[10, 116, 323, 437, 460, 674, 691, 862, 1129, 1130, 1166, 1321, 1423]
[270, 382, 397, 456, 563, 968, 977, 1029, 1046, 1318, 1338, 1439, 1465, 1503]
[99, 311, 393, 415, 451, 503, 817, 885, 955, 976, 1036, 1111, 1200, 1235, 1243, 1276, 1299, 1442, 1449, 1497]
[147, 272, 592, 594, 688, 698, 909, 940, 1211, 1257, 1383, 1387, 1399, 1400, 1404, 1447, 1499, 1530]
[216, 390, 611, 827, 849, 1063, 1067, 1096, 1510, 1543, 1587]
[8, 11, 87, 193, 325, 548, 713, 802, 898, 991, 1134, 1180, 1193, 1407, 1584]
[128, 349, 402, 492, 601, 621, 983, 1133, 1274, 1361, 1375, 1379, 1390, 1533]
[81, 211, 501, 527, 561, 597, 653, 762, 882, 950, 1064, 1080, 1119, 1163, 1209, 1223, 1485]
[157, 187, 296, 365, 425, 638, 837, 935, 1018, 1032, 1385, 1568]
[37, 143, 310, 318, 510, 554, 693, 915, 974, 1131, 1386, 1391, 1429, 1435, 1552]
[40, 111, 322, 343, 384, 490, 557, 573, 675, 803, 859, 878, 1106, 1173, 1239, 1434]
[133, 136, 139, 500, 575, 587, 593, 598, 754, 858, 1102, 1189, 1199, 1205, 1260, 1482, 1522, 1537]
[31, 219, 291, 321, 464, 536, 576, 582, 606, 798, 890, 1115, 1154, 1169, 1171, 1441, 1456, 1468, 1486, 1493]
[146, 214, 326, 604, 622, 625, 686, 764, 810, 839, 874, 931, 988, 997, 1072, 1099, 1113, 1117, 1118, 1263, 1281, 1509]
[304, 344, 543, 637, 937, 1251, 1480, 1496]
[167, 177, 194, 226, 254, 271, 335, 364, 438, 447, 508, 567, 574, 647, 677, 681, 751, 806, 820, 981, 1142, 1161, 1167, 1504, 1527, 1562]
[19, 106, 125, 209, 302, 374, 609, 620, 709, 928, 939, 1039, 1127, 1179, 1316, 1334, 1352, 1381, 1455]
[165, 265, 333, 493, 539, 682, 702, 790, 867, 924, 1259, 1348, 1353, 1395, 1444]
[138, 241, 631, 782, 787, 953, 962, 1049, 1216, 1225, 1266, 1267, 1538]
[21, 148, 238, 329, 332, 353, 355, 405, 496, 775, 920, 922, 1057, 1100, 1196, 1541, 1561, 1574]
[9, 204, 381, 514, 533, 708, 717, 1052, 1075, 1125, 1342, 1354, 1448]
[192, 273, 413, 424, 591, 670, 1038, 1139, 1305, 1431, 1437, 1500, 1540, 1565]
[86, 184, 256, 293, 331, 378, 720, 834, 842, 1024, 1056, 1116, 1204, 1234, 1289, 1398, 1416, 1421, 1512, 1523]
[4, 22, 394, 399, 477, 617, 804, 1010, 1035, 1048, 1224, 1256, 1328, 1560]
[83, 130, 155, 319, 403, 461, 478, 585, 632, 648, 737, 835, 864, 1141, 1149, 1192, 1278, 1330, 1469, 1575]
[149, 180, 232, 287, 315, 336, 446, 476, 489, 589, 1184, 1185, 1365, 1419, 1422, 1585]
[55, 68, 134, 346, 600, 805, 1007, 1025, 1269, 1323, 1542]
[7, 50, 57, 121, 253, 316, 320, 360, 361, 568, 605, 629, 781, 791, 873, 900, 999, 1044, 1089, 1208, 1363, 1424, 1436, 1459, 1516, 1567, 1573, 1577]
[212, 221, 313, 354, 371, 423, 495, 689, 700, 886, 943, 1014, 1114, 1288, 1327, 1345, 1454, 1526]
[93, 264, 269, 411, 414, 531, 542, 602, 752, 1462, 1525]
[34, 48, 59, 78, 98, 195, 202, 482, 502, 538, 571, 603, 815, 851, 954, 989, 1105, 1311, 1406, 1488, 1489]
[28, 225, 275, 419, 428, 551, 676, 723, 832, 907, 908, 1000, 1011, 1082, 1236, 1337, 1531]
[127, 208, 235, 249, 435, 463, 487, 586, 680, 847, 958, 1132, 1181, 1268, 1290, 1415, 1445, 1452, 1555]
[18, 168, 292, 351, 558, 580, 712, 778, 799, 925, 952, 1143, 1165, 1382, 1546, 1554]
[75, 243, 370, 570, 811, 905, 982, 1074, 1207, 1218, 1300, 1335, 1430, 1446]
[33, 109, 152, 380, 486, 505, 544, 566, 599, 626, 646, 727, 826, 1005, 1136, 1253, 1322, 1336, 1411, 1514]
[20, 27, 140, 170, 199, 330, 377, 386, 641, 785, 876, 910, 1028, 1097, 1217, 1317, 1405, 1520]
[2, 44, 53, 189, 217, 467, 521, 656, 758, 774, 913, 1047, 1092, 1271, 1298, 1529]
[54, 104, 113, 186, 267, 289, 418, 613, 687, 770, 809, 843, 844, 994, 1279, 1362, 1466]
[30, 38, 62, 88, 231, 347, 392, 513, 564, 596, 658, 777, 916, 998, 1002, 1016, 1148, 1153, 1212, 1248, 1414, 1450, 1473, 1583]
[100, 131, 185, 230, 300, 545, 550, 667, 879, 911, 951, 959, 992, 1103, 1145, 1286, 1457]
[115, 118, 358, 375, 491, 699, 771, 788, 1033, 1120, 1183, 1206, 1284, 1372, 1464, 1474, 1532, 1551, 1586]
[43, 102, 126, 224, 234, 448, 470, 579, 736, 750, 794, 1076, 1078, 1109, 1112, 1534]
[122, 153, 159, 164, 245, 572, 636, 705, 714, 831, 926, 932, 1022, 1040, 1121, 1539]
[63, 79, 228, 306, 372, 407, 430, 444, 607, 645, 711, 740, 767, 887, 995, 1213, 1438, 1443, 1483, 1484]
[51, 283, 391, 654, 902, 904, 917, 957, 1077, 1158, 1388, 1401, 1410, 1501, 1556, 1579]
[162, 206, 227, 236, 284, 433, 840, 855, 871, 947, 1037, 1041, 1060, 1073, 1086, 1175, 1294, 1515]
[17, 144, 175, 181, 281, 314, 406, 540, 846, 914, 921, 1051, 1188, 1221, 1282, 1329, 1350, 1492, 1513]
[41, 73, 76, 366, 485, 524, 883, 1013, 1079, 1201, 1495]
[94, 176, 229, 247, 518, 556, 559, 729, 733, 833, 866, 869, 1083, 1231, 1528]
[6, 171, 396, 450, 511, 640, 743, 749, 875, 893, 912, 984, 1226, 1249, 1262, 1377, 1498, 1507, 1563, 1576]
[52, 251, 263, 274, 334, 431, 454, 919, 1015, 1291, 1309, 1394, 1460, 1487, 1549]
[12, 239, 242, 255, 417, 845, 899, 927, 941, 945, 1151, 1186, 1244, 1302, 1312, 1369, 1417, 1519]
[36, 71, 91, 327, 442, 480, 523, 535, 546, 552, 678, 796, 822, 829, 888, 1220, 1230, 1240, 1252, 1307]
[160, 504, 623, 696, 731, 801, 1229, 1355, 1408, 1494]
[96, 237, 290, 672, 673, 1001, 1155, 1172, 1264, 1292, 1366]
[154, 183, 308, 383, 432, 459, 484, 498, 583, 588, 616, 657, 808, 830, 852, 1210, 1270]
