0	1
2	3
2	4
3	4
2	5
3	5
4	5
2	6
3	6
4	6
5	6
7	8
7	9
7	10
9	10
7	11
10	11
9	11
12	13
12	14
13	14
12	15
13	15
14	15
16	17
16	18
17	18
20	21
20	22
21	22
23	24
23	25
24	25
27	28
27	29
28	29
30	31
30	32
31	32
30	33
30	34
33	34
35	36
35	37
36	37
35	38
36	38
37	38
35	39
36	39
37	39
38	39
35	40
36	40
37	40
38	40
39	40
42	43
44	45
44	46
45	46
47	48
47	49
48	49
47	50
48	50
49	50
33	51
51	52
33	52
51	53
52	53
33	53
34	53
51	54
52	54
53	54
33	54
34	54
30	54
51	55
51	56
55	56
51	57
51	58
57	58
59	60
59	61
60	61
62	63
62	64
63	64
62	65
63	65
64	65
66	67
66	68
67	68
69	70
69	71
70	71
69	72
70	72
71	72
73	74
73	75
74	75
73	76
74	76
75	76
77	78
46	78
77	79
78	79
77	80
78	80
79	80
81	82
81	83
82	83
84	85
84	86
85	86
87	88
55	90
91	92
91	93
92	93
94	95
94	96
95	96
94	97
95	97
96	97
69	97
94	98
95	98
96	98
97	98
94	99
96	99
97	99
94	100
99	100
96	100
97	100
102	103
102	104
103	104
105	106
105	107
106	107
108	109
111	112
113	114
116	117
118	119
120	121
78	121
122	123
122	124
123	124
126	127
126	128
127	128
129	130
33	131
30	131
34	131
33	132
34	132
53	132
54	132
33	133
34	133
132	133
53	133
54	133
33	134
34	134
132	134
133	134
53	134
54	134
135	136
137	138
139	140
139	141
140	141
139	142
140	142
141	142
139	143
140	143
141	143
142	143
139	144
140	144
141	144
142	144
143	144
139	145
140	145
141	145
142	145
143	145
144	145
139	146
140	146
141	146
142	146
143	146
144	146
145	146
139	147
140	147
141	147
142	147
143	147
144	147
145	147
146	147
139	148
140	148
141	148
142	148
143	148
144	148
145	148
146	148
147	148
71	149
149	150
71	150
96	150
94	150
149	151
71	151
150	151
127	151
149	152
153	154
153	155
154	155
153	156
154	156
155	156
71	157
71	158
157	158
160	161
162	163
164	165
166	167
169	170
169	171
170	171
172	173
172	174
173	174
175	176
175	177
176	177
179	180
179	181
180	181
182	183
55	184
56	184
184	185
184	186
185	186
187	188
187	189
188	189
33	190
46	191
191	192
46	192
191	193
192	193
46	193
191	194
46	194
195	196
195	197
196	197
195	198
196	198
197	198
195	199
196	199
197	199
198	199
200	201
24	201
25	201
200	202
201	202
24	202
25	202
131	203
205	206
207	208
207	209
208	209
210	211
210	212
211	212
213	214
213	215
214	215
48	216
136	216
216	217
48	217
216	218
217	218
48	218
216	219
218	219
216	220
219	220
218	220
216	221
219	221
220	221
216	222
219	222
220	222
221	222
216	223
136	223
216	224
220	224
219	224
218	224
150	225
96	225
94	225
151	225
226	227
228	229
228	230
229	230
228	231
229	231
230	231
233	234
233	235
234	235
72	235
237	238
239	240
239	241
242	243
244	245
244	246
244	247
248	249
248	250
249	250
217	251
216	251
218	251
217	252
216	252
251	252
218	252
254	255
254	256
255	256
258	259
260	261
262	263
262	264
263	264
262	265
263	265
264	265
262	266
263	266
264	266
265	266
262	267
263	267
264	267
265	267
266	267
262	268
263	268
264	268
265	268
266	268
267	268
262	269
263	269
264	269
265	269
266	269
267	269
268	269
270	271
273	274
273	275
274	275
276	277
276	278
277	278
279	280
279	281
280	281
78	281
150	281
279	282
280	282
281	282
279	283
280	283
281	283
282	283
279	284
280	284
281	284
282	284
283	284
279	285
280	285
281	285
282	285
283	285
284	285
286	287
286	288
287	288
286	289
288	289
290	291
290	292
291	292
293	294
296	297
296	298
296	299
298	299
296	300
298	300
299	300
203	301
150	301
151	301
162	301
301	302
203	302
301	303
203	303
302	303
301	304
302	304
78	305
305	306
78	306
305	307
306	307
78	307
265	307
266	307
268	307
305	308
306	308
307	308
78	308
305	309
78	309
308	309
97	310
69	310
311	312
313	314
313	315
314	315
203	316
301	316
162	316
203	317
316	317
301	317
318	319
320	321
320	322
321	322
320	323
321	323
322	323
320	324
323	324
320	325
323	325
324	325
326	327
30	327
326	328
327	328
326	329
327	329
328	329
151	330
330	331
151	331
332	333
332	334
333	334
332	335
333	335
334	335
336	337
338	339
338	340
339	340
338	341
339	341
340	341
342	343
221	343
219	343
342	344
343	344
252	345
216	345
345	346
252	346
216	346
345	347
346	347
252	347
216	347
348	349
348	350
349	350
348	351
349	351
350	351
348	352
349	352
350	352
351	352
348	353
349	353
350	353
351	353
352	353
354	355
354	356
355	356
357	358
357	359
358	359
357	360
358	360
357	361
360	361
358	361
62	362
362	363
362	364
362	365
364	365
366	367
366	368
367	368
24	369
25	369
78	370
370	371
78	371
309	371
372	373
372	374
373	374
33	375
375	376
33	376
375	377
376	377
33	377
375	378
376	378
377	378
379	380
379	381
380	381
382	383
382	384
383	384
385	386
385	387
386	387
385	388
386	388
387	388
385	389
386	389
387	389
388	389
385	390
386	390
387	390
388	390
389	390
385	391
386	391
387	391
388	391
389	391
390	391
385	392
386	392
387	392
388	392
389	392
390	392
391	392
393	394
393	395
394	395
393	396
394	396
395	396
397	398
397	399
398	399
397	400
398	400
399	400
277	401
278	401
401	402
277	402
278	402
327	402
328	402
30	402
401	403
402	403
277	403
278	403
401	404
402	404
277	404
403	404
278	404
401	405
402	405
277	405
403	405
278	405
404	405
166	406
408	409
408	410
409	410
408	411
409	411
410	411
408	412
409	412
410	412
411	412
408	413
410	413
412	413
414	415
247	415
402	416
327	416
328	416
402	417
327	417
418	419
319	421
422	423
422	424
423	424
425	426
425	427
426	427
46	428
428	429
430	431
430	432
433	434
245	435
244	435
436	437
436	438
437	438
118	439
439	440
439	441
118	441
442	443
72	443
444	445
446	447
446	448
447	448
446	449
447	449
448	449
282	450
452	453
452	454
453	454
452	455
453	455
454	455
452	456
453	456
454	456
455	456
452	457
453	457
454	457
455	457
456	457
452	458
453	458
454	458
455	458
456	458
457	458
452	459
453	459
454	459
455	459
456	459
457	459
458	459
460	461
460	462
461	462
460	463
461	463
462	463
301	463
33	464
464	465
464	466
465	466
467	468
467	469
468	469
467	470
468	470
469	470
467	471
468	471
469	471
470	471
472	473
222	473
219	473
472	474
473	474
475	476
475	477
475	478
477	478
479	480
479	481
480	481
479	482
480	482
481	482
483	484
33	485
486	487
33	488
54	488
488	489
33	489
54	489
309	490
78	490
490	491
309	491
490	492
490	493
309	493
494	495
494	496
495	496
497	498
303	499
150	500
500	501
500	502
501	502
500	503
502	503
505	506
190	507
33	507
507	508
190	508
33	508
507	509
508	509
190	509
33	509
511	512
245	513
244	513
514	515
514	516
515	516
346	516
216	516
151	516
150	516
225	516
514	517
515	517
516	517
151	517
150	517
225	517
127	517
152	517
518	519
520	521
76	522
522	523
522	524
523	524
522	525
523	525
524	525
522	526
523	526
524	526
525	526
522	527
528	529
530	531
530	532
531	532
530	533
531	533
532	533
534	535
537	538
537	539
538	539
537	540
537	541
540	541
537	542
540	542
541	542
544	545
546	547
55	547
56	547
329	547
121	548
548	549
121	549
548	550
549	550
121	550
552	553
552	554
553	554
556	557
556	558
557	558
559	560
33	561
53	561
34	561
133	561
54	561
132	561
134	561
561	562
33	562
53	562
34	562
133	562
54	562
132	562
134	562
82	563
563	564
563	565
564	565
563	566
564	566
565	566
189	567
568	569
570	571
572	573
281	574
283	574
574	575
281	575
574	576
281	576
577	578
580	581
580	582
581	582
583	584
136	585
585	586
136	586
585	587
586	587
136	587
589	590
307	590
589	591
590	591
589	592
590	592
591	592
593	594
277	595
403	595
278	595
327	596
416	596
46	596
597	598
599	600
602	603
275	606
275	607
606	607
275	608
606	608
607	608
45	609
609	610
45	610
609	611
45	611
609	612
45	612
611	612
614	615
616	617
618	619
618	620
619	620
621	622
623	624
625	626
625	627
626	627
625	628
626	628
627	628
629	630
629	631
630	631
337	631
632	633
635	636
635	637
636	637
162	638
316	638
301	638
463	638
638	639
162	639
316	639
301	639
638	640
78	641
642	643
78	646
647	648
189	650
567	650
650	651
189	651
567	651
34	652
652	653
652	654
653	654
34	654
55	654
56	654
652	655
653	655
654	655
34	655
652	656
654	656
655	656
652	657
34	657
654	657
655	657
658	659
658	660
659	660
658	661
659	661
660	661
662	663
662	664
663	664
662	665
663	665
664	665
662	666
663	666
664	666
665	666
667	668
669	670
669	671
672	673
515	674
516	674
443	675
675	676
443	676
663	677
662	677
678	679
678	680
679	680
681	682
681	683
682	683
681	684
682	684
683	684
57	685
350	686
537	689
539	689
689	690
537	690
539	690
342	692
693	694
693	695
694	695
693	696
694	696
695	696
693	697
694	697
695	697
696	697
219	697
343	697
693	698
694	698
695	698
696	698
697	698
445	699
96	700
700	701
96	701
700	702
96	702
701	702
704	705
704	706
705	706
704	707
705	707
706	707
97	708
94	708
96	708
99	708
97	709
69	709
71	709
72	709
97	710
709	710
69	710
87	711
88	711
642	712
712	713
642	713
695	715
695	716
715	716
695	717
715	717
716	717
695	718
715	718
716	718
717	718
719	720
670	721
723	724
723	725
724	725
723	726
724	726
725	726
136	729
587	729
730	731
732	733
732	734
733	734
71	736
736	737
71	737
443	738
72	738
443	739
293	742
294	742
523	742
742	743
293	743
294	743
742	744
293	744
743	744
294	744
742	745
742	746
294	746
523	746
747	748
750	751
719	752
752	753
719	753
754	755
34	756
78	756
756	757
69	757
72	757
756	758
757	758
69	758
72	758
756	759
78	759
371	759
756	760
34	760
756	761
34	761
756	762
761	762
34	762
756	763
761	763
762	763
34	763
756	764
761	764
121	764
756	765
764	765
761	765
121	765
766	767
766	768
767	768
766	769
767	769
768	769
127	770
126	770
770	771
127	771
126	771
770	772
771	772
127	772
126	772
770	773
771	773
127	773
772	773
126	773
761	774
657	774
654	774
774	775
761	775
764	775
756	775
765	775
774	776
761	776
775	776
777	778
496	780
780	781
496	781
631	783
631	784
783	784
785	786
785	787
786	787
346	788
216	788
516	788
597	789
789	790
597	790
662	792
792	793
662	793
792	794
662	794
793	794
64	795
795	796
64	796
795	797
796	797
64	797
795	798
796	798
797	798
64	798
799	800
799	801
800	801
799	802
800	802
801	802
799	803
800	803
801	803
802	803
799	804
800	804
801	804
802	804
803	804
62	805
362	805
805	806
62	806
362	806
805	807
806	807
62	807
362	807
805	808
806	808
807	808
62	808
809	810
812	813
814	815
814	816
815	816
817	818
819	820
821	822
821	823
822	823
821	824
822	824
823	824
825	826
825	827
826	827
825	828
826	828
827	828
825	829
826	829
827	829
828	829
825	830
826	830
827	830
828	830
829	830
825	831
826	831
827	831
828	831
829	831
830	831
825	832
826	832
827	832
828	832
829	832
830	832
831	832
825	833
826	833
827	833
828	833
829	833
830	833
831	833
832	833
825	834
826	834
827	834
828	834
829	834
830	834
831	834
832	834
833	834
835	836
835	837
836	837
34	839
33	839
54	839
34	840
30	840
54	840
33	840
841	842
841	843
842	843
844	845
844	846
845	846
844	847
845	847
846	847
848	849
850	851
850	852
851	852
646	853
78	853
855	856
855	857
856	857
106	859
294	860
860	861
860	862
861	862
654	863
863	864
654	864
654	865
34	865
371	866
866	867
371	867
870	871
870	872
871	872
870	873
871	873
872	873
870	874
871	874
872	874
873	874
877	878
877	879
878	879
877	880
878	880
879	880
877	881
878	881
879	881
880	881
883	884
883	885
884	885
886	887
888	889
888	890
889	890
761	892
764	892
756	892
765	892
775	892
652	893
654	893
655	893
55	893
56	893
402	894
30	894
327	894
895	896
895	897
896	897
895	898
896	898
897	898
895	899
896	899
897	899
898	899
900	901
900	902
901	902
903	904
903	905
904	905
906	907
307	908
265	908
266	908
268	908
909	910
909	911
910	911
912	913
912	914
913	914
912	915
913	915
914	915
912	916
913	916
914	916
915	916
912	917
913	917
914	917
915	917
916	917
171	918
920	921
415	922
923	924
923	925
924	925
177	926
243	927
929	930
742	931
293	931
743	931
294	931
931	932
742	932
293	932
743	932
294	932
931	933
55	934
56	934
117	935
935	936
117	936
935	937
936	937
117	937
935	938
936	938
937	938
117	938
478	940
941	942
941	943
942	943
263	944
265	944
266	944
268	944
263	945
265	945
266	945
944	945
268	945
1	946
947	948
949	950
951	952
951	953
952	953
951	954
953	954
952	954
194	955
955	956
194	956
957	958
957	959
958	959
960	961
960	962
961	962
517	963
151	963
963	964
517	964
151	964
965	966
965	967
966	967
965	968
966	968
967	968
965	969
966	969
967	969
968	969
965	970
966	970
967	970
968	970
969	970
972	973
300	973
974	975
974	976
975	976
88	976
758	977
757	977
69	977
72	977
978	979
980	981
980	982
981	982
983	984
473	984
472	984
983	985
984	985
473	985
983	986
984	986
987	988
973	989
88	991
992	993
994	995
994	996
995	996
994	997
995	997
996	997
994	998
995	998
996	998
997	998
999	1000
913	1000
916	1000
255	1000
254	1000
973	1002
1002	1003
973	1003
1002	1004
1003	1004
973	1004
78	1005
1006	1007
51	1008
33	1008
1009	1010
1011	1012
1013	1014
62	1016
806	1016
1017	1018
127	1021
128	1021
127	1022
128	1022
1021	1022
127	1023
128	1023
1021	1023
1022	1023
53	1024
1024	1025
53	1025
303	1026
1026	1027
746	1028
294	1028
1028	1029
746	1029
294	1029
550	1030
121	1030
1031	1032
1033	1034
1035	1036
1035	1037
1035	1038
1037	1038
308	1039
1039	1040
308	1040
224	1041
218	1041
216	1041
1042	1043
1042	1044
1043	1044
1010	1045
482	1046
12	1047
1047	1048
12	1048
1047	1049
1048	1049
12	1049
1047	1050
1048	1050
1049	1050
12	1050
1052	1053
1054	1055
1054	1056
1054	1057
1056	1057
1054	1058
1056	1058
1057	1058
1060	1061
1060	1062
1061	1062
1060	1063
1061	1063
1062	1063
1060	1064
1061	1064
1062	1064
1063	1064
1060	1065
1061	1065
1062	1065
1063	1065
1064	1065
1060	1066
1061	1066
1062	1066
1063	1066
1064	1066
1065	1066
1060	1067
1061	1067
1062	1067
1063	1067
1064	1067
1065	1067
1066	1067
1060	1068
1061	1068
1062	1068
1063	1068
1064	1068
1065	1068
1066	1068
1067	1068
1060	1069
1061	1069
1062	1069
1063	1069
1064	1069
1065	1069
1066	1069
1067	1069
1068	1069
806	1070
805	1070
807	1070
62	1070
806	1071
805	1071
807	1071
1070	1071
62	1071
362	1071
1016	1071
806	1072
805	1072
807	1072
1070	1072
1071	1072
62	1072
806	1073
805	1073
807	1073
1070	1073
1071	1073
1072	1073
62	1073
227	1074
1078	1079
281	1081
69	1082
1082	1083
69	1083
0	1084
1	1084
516	1086
516	1087
1086	1087
516	1088
1087	1088
151	1088
516	1089
1087	1089
473	1091
472	1091
984	1091
473	1092
984	1092
985	1092
1093	1094
1093	1095
1094	1095
1093	1096
1094	1096
1095	1096
1097	1098
1097	1099
1098	1099
1101	1102
1101	1103
1102	1103
1105	1106
1105	1107
1106	1107
1105	1108
1106	1108
1107	1108
1105	1109
1106	1109
1107	1109
1108	1109
1105	1110
1106	1110
1107	1110
1108	1110
1109	1110
1105	1111
1106	1111
1107	1111
1108	1111
1109	1111
1110	1111
1105	1112
1106	1112
1107	1112
1108	1112
1109	1112
1110	1112
1111	1112
1105	1113
1106	1113
1107	1113
1108	1113
1109	1113
1110	1113
1111	1113
1112	1113
1114	1115
1116	1117
1116	1118
1117	1118
1116	1119
1117	1119
1118	1119
1116	1120
1117	1120
1118	1120
1119	1120
78	1121
78	1122
1121	1122
78	1123
756	1123
247	1124
415	1124
1124	1125
247	1125
415	1125
1127	1128
976	1129
657	1130
774	1130
654	1130
34	1130
1131	1132
1133	1134
956	1135
194	1135
1135	1136
956	1136
194	1136
1135	1137
1136	1137
956	1137
194	1137
1135	1138
194	1138
956	1138
1139	1140
1141	1142
221	1145
343	1145
219	1145
697	1145
1146	1147
1146	1148
1147	1148
1146	1149
1147	1149
1148	1149
1146	1150
1147	1150
1148	1150
1149	1150
1152	1153
1152	1154
1153	1154
1152	1155
1153	1155
1154	1155
1152	1156
1153	1156
1154	1156
1155	1156
1152	1157
1153	1157
1154	1157
1155	1157
1156	1157
1152	1158
1153	1158
1154	1158
1155	1158
1156	1158
1157	1158
1152	1159
1153	1159
1154	1159
1155	1159
1156	1159
1157	1159
1158	1159
1152	1160
1153	1160
1154	1160
1155	1160
1156	1160
1157	1160
1158	1160
1159	1160
114	1162
186	1162
114	1163
1162	1163
1164	1165
259	1166
258	1166
259	1167
258	1167
1166	1167
1168	1169
820	1170
78	1172
931	1175
1175	1176
931	1176
150	1177
96	1177
150	1178
281	1178
589	1180
590	1180
591	1180
1180	1181
589	1181
590	1181
591	1181
302	1182
1184	1185
1184	1186
1185	1186
327	1189
328	1189
54	1190
34	1190
840	1190
33	1190
1190	1191
54	1191
34	1191
840	1191
33	1191
1193	1194
78	1195
1195	1196
78	1196
1195	1197
1196	1197
78	1197
1198	1199
1198	1200
1199	1200
913	1201
916	1201
1000	1201
914	1201
915	1201
913	1202
916	1202
1201	1202
1000	1202
913	1203
916	1203
1201	1203
1202	1203
1000	1203
913	1204
916	1204
1201	1204
1202	1204
1203	1204
1000	1204
913	1205
916	1205
1201	1205
1202	1205
1203	1205
1204	1205
1000	1205
913	1206
916	1206
1201	1206
914	1206
915	1206
913	1207
1206	1207
916	1207
1201	1207
914	1207
915	1207
913	1208
1206	1208
916	1208
1201	1208
914	1208
1207	1208
915	1208
1209	1210
1209	1211
1210	1211
1209	1212
1210	1212
1211	1212
330	1214
1214	1215
330	1215
1214	1216
330	1216
1215	1216
1214	1217
330	1217
1215	1217
1216	1217
1218	1219
500	1221
150	1221
1222	1223
1222	1224
1223	1224
1225	1226
1225	1227
132	1228
54	1228
33	1228
132	1229
1228	1229
54	1229
33	1229
244	1230
1231	1232
415	1233
1233	1234
415	1234
481	1235
1235	1236
481	1236
1237	1238
547	1239
1240	1241
1242	1243
482	1244
1244	1245
482	1245
1244	1246
1245	1246
482	1246
1244	1247
1245	1247
1246	1247
482	1247
1248	1249
481	1250
1250	1251
481	1251
1252	1253
1252	1254
1253	1254
764	1255
765	1255
121	1255
1201	1256
916	1256
1201	1257
1256	1257
916	1257
1258	1259
1260	1261
1260	1262
1261	1262
375	1263
376	1263
377	1263
1264	1265
1264	1266
1265	1266
1264	1267
1265	1267
1266	1267
872	1268
320	1270
321	1270
947	1271
1271	1272
947	1272
843	1273
1273	1274
843	1274
1273	1275
1274	1275
843	1275
1273	1276
1274	1276
843	1276
1275	1276
744	1278
294	1278
743	1278
742	1278
293	1278
744	1279
744	1280
1279	1280
744	1281
1279	1281
1280	1281
1145	1282
219	1282
1282	1283
1145	1283
219	1283
1286	1287
1286	1288
1287	1288
1286	1289
1287	1289
1288	1289
1286	1290
1287	1290
1288	1290
1289	1290
1292	1293
1292	1294
1293	1294
375	1295
376	1295
33	1295
377	1295
1298	1299
1018	1303
1018	1304
1303	1304
1018	1305
1018	1306
1017	1306
1018	1307
1306	1307
1017	1307
1018	1308
1306	1308
1307	1308
1017	1308
1018	1309
1306	1309
1307	1309
1308	1309
1017	1309
1310	1311
1312	1313
1312	1314
1313	1314
1312	1315
1313	1315
1314	1315
53	1315
1312	1316
1313	1316
1314	1316
1315	1316
900	1318
1320	1321
524	1322
1323	1324
1323	1325
1324	1325
1326	1327
1328	1329
1331	1332
1331	1333
1332	1333
1335	1336
1335	1337
1336	1337
1335	1338
1336	1338
1337	1338
882	1339
517	1341
281	1342
150	1342
1178	1342
281	1343
281	1344
1343	1344
1225	1345
721	1346
377	1347
1347	1348
377	1348
362	1349
1349	1350
362	1350
1349	1351
1350	1351
362	1351
1349	1352
1350	1352
1351	1352
362	1352
1354	1355
523	1356
746	1356
742	1356
931	1356
1356	1357
1107	1357
1356	1358
1357	1358
1107	1358
1356	1359
46	1361
428	1361
46	1362
1361	1362
428	1362
46	1363
1286	1364
1364	1365
1286	1365
1364	1366
1365	1366
1286	1366
1364	1367
1365	1367
1366	1367
1286	1367
932	1368
293	1368
294	1368
931	1368
932	1369
1368	1369
293	1369
294	1369
931	1369
1370	1371
1372	1373
1374	1375
1374	1376
1375	1376
1294	1377
1377	1378
1294	1378
522	1381
76	1381
194	1384
1384	1385
194	1385
1386	1387
329	1389
547	1389
1390	1391
1390	1392
1391	1392
1145	1394
219	1394
343	1394
697	1394
1394	1395
1145	1395
219	1395
343	1395
697	1395
1394	1396
1145	1396
1395	1396
219	1396
343	1396
697	1396
1394	1397
1145	1397
1395	1397
219	1397
343	1397
1396	1397
697	1397
314	1398
1399	1400
1399	1401
1400	1401
1399	1402
1400	1402
1401	1402
1399	1403
1400	1403
1401	1403
1402	1403
327	1404
416	1404
1404	1405
327	1405
416	1405
1404	1406
1405	1406
327	1406
416	1406
1404	1407
1405	1407
327	1407
1406	1407
416	1407
1404	1408
1405	1408
327	1408
1406	1408
416	1408
1407	1408
496	1409
1409	1410
496	1410
1357	1411
1107	1411
1358	1411
1060	1412
186	1413
1162	1413
186	1414
1413	1414
1162	1414
186	1415
1413	1415
1162	1415
1414	1415
303	1416
1026	1416
1416	1417
303	1417
1026	1417
930	1418
1336	1419
1420	1421
1420	1422
1421	1422
1420	1423
1421	1423
1422	1423
9	1424
1424	1425
9	1425
1426	1427
1426	1428
1427	1428
645	1429
1429	1430
645	1430
1429	1431
645	1431
1430	1431
1429	1432
645	1432
1430	1432
1431	1432
1429	1433
645	1433
1430	1433
1431	1433
1432	1433
1429	1434
645	1434
1430	1434
1431	1434
1432	1434
1433	1434
1429	1435
645	1435
1430	1435
1431	1435
1432	1435
1433	1435
1434	1435
1429	1436
645	1436
1430	1436
1431	1436
1432	1436
1433	1436
1434	1436
1435	1436
1429	1437
645	1437
1430	1437
1431	1437
1432	1437
1433	1437
1434	1437
1435	1437
1436	1437
1429	1438
645	1438
1430	1438
1431	1438
1432	1438
1433	1438
1434	1438
1435	1438
1436	1438
1437	1438
1429	1439
645	1439
1430	1439
1431	1439
1432	1439
1433	1439
1434	1439
1435	1439
1436	1439
1437	1439
1438	1439
1429	1440
645	1440
1430	1440
1431	1440
1432	1440
1433	1440
1434	1440
1435	1440
1436	1440
1437	1440
1438	1440
1439	1440
1429	1441
645	1441
1430	1441
1431	1441
1432	1441
1433	1441
1434	1441
1435	1441
1436	1441
1437	1441
1438	1441
1439	1441
1440	1441
1429	1442
645	1442
1430	1442
1431	1442
1432	1442
1433	1442
1434	1442
1435	1442
1436	1442
1437	1442
1438	1442
1439	1442
1440	1442
1441	1442
1429	1443
645	1443
1430	1443
1431	1443
1432	1443
1433	1443
1434	1443
1435	1443
1436	1443
1437	1443
1438	1443
1439	1443
1440	1443
1441	1443
1442	1443
1429	1444
645	1444
1430	1444
1431	1444
1432	1444
1433	1444
1434	1444
1435	1444
1436	1444
1437	1444
1438	1444
1439	1444
1440	1444
1441	1444
1442	1444
1443	1444
1429	1445
645	1445
1430	1445
1431	1445
1432	1445
1433	1445
1434	1445
1435	1445
1436	1445
1437	1445
1438	1445
1439	1445
1440	1445
1441	1445
1442	1445
1443	1445
1444	1445
1429	1446
645	1446
1430	1446
1431	1446
1432	1446
1433	1446
1434	1446
1435	1446
1436	1446
1437	1446
1438	1446
1439	1446
1440	1446
1441	1446
1442	1446
1443	1446
1444	1446
1445	1446
1429	1447
645	1447
1430	1447
1431	1447
1432	1447
1433	1447
1434	1447
1435	1447
1436	1447
1437	1447
1438	1447
1439	1447
1440	1447
1441	1447
1442	1447
1443	1447
1444	1447
1445	1447
1446	1447
1429	1448
1430	1448
1431	1448
1449	1450
283	1451
281	1451
216	1452
1360	1453
721	1454
482	1455
1456	1457
1456	1458
1457	1458
1456	1459
1457	1459
1458	1459
517	1460
127	1460
151	1460
55	1461
56	1461
860	1464
294	1464
1464	1465
860	1465
294	1465
1464	1466
1465	1466
860	1466
294	1466
1464	1467
1465	1467
860	1467
1466	1467
294	1467
53	1468
1315	1468
53	1469
1468	1469
1315	1469
53	1470
1468	1470
1315	1470
1469	1470
1471	1472
1471	1473
1472	1473
1474	1475
1474	1476
1475	1476
207	1477
1477	1478
207	1478
1479	1480
96	1481
1481	1482
96	1482
1483	1484
1483	1485
1484	1485
1486	1487
1142	1488
1488	1489
1142	1489
1491	1492
1491	1493
1493	1494
1495	1496
300	1497
82	1498
239	1500
1500	1501
239	1501
1500	1502
1501	1502
239	1502
1500	1503
1501	1503
239	1503
1502	1503
1000	1504
1504	1505
1504	1506
1505	1506
1504	1507
1505	1507
1506	1507
1504	1508
1505	1508
1506	1508
1507	1508
1504	1509
1505	1509
1506	1509
1507	1509
1508	1509
1511	1512
1511	1513
1512	1513
1000	1514
1504	1514
1120	1515
1120	1516
1515	1516
1120	1517
1515	1517
1516	1517
243	1518
927	1518
1518	1519
243	1519
927	1519
1518	1520
1519	1520
243	1520
927	1520
1522	1523
1525	1526
54	1529
33	1529
1530	1531
9	1532
532	1533
531	1533
530	1533
532	1534
1533	1534
531	1534
530	1534
532	1535
1533	1535
1534	1535
531	1535
530	1535
843	1536
1537	1538
1537	1539
1538	1539
1493	1540
1491	1540
1540	1541
1493	1541
1491	1541
1540	1542
1541	1542
1493	1542
1491	1542
1543	1544
1545	1546
1545	1547
1546	1547
1545	1548
1546	1548
1547	1548
308	1549
34	1550
33	1550
54	1550
1550	1551
34	1551
33	1551
294	1553
294	1554
1553	1554
294	1555
1553	1555
1554	1555
676	1556
1556	1557
676	1557
1556	1558
676	1558
1557	1558
1145	1560
219	1560
1560	1561
1145	1561
219	1561
63	1562
62	1562
1562	1563
63	1563
62	1563
1562	1564
1563	1564
63	1564
62	1564
1562	1565
1563	1565
1564	1565
63	1565
62	1565
1562	1566
1563	1566
1564	1566
1565	1566
63	1566
62	1566
1562	1567
1563	1567
1564	1567
1565	1567
1566	1567
63	1567
62	1567
1568	1569
337	1570
631	1570
337	1571
631	1571
1570	1571
337	1572
631	1572
1570	1572
1571	1572
337	1573
631	1573
1570	1573
1571	1573
1572	1573
631	1574
783	1574
1575	1576
1575	1577
1576	1577
1575	1578
1576	1578
1577	1578
631	1579
630	1579
1580	1581
1583	1584
1585	1586
1585	1587
522	1588
76	1588
