4.87732091257	0.00405788421631
4.86346515216	1.56245779991
4.79748107332	3.26089096069
4.70796183941	4.95508790016
4.60784863504	6.82346391678
4.54005217362	9.05308198929
4.54765328722	10.6357309818
4.47311441592	12.4112467766
4.44661262094	14.3836789131
4.3761166427	16.4442179203
4.41053687779	18.1949927807
4.42965929931	19.9635868073
4.34250227347	21.6335628033
4.37212880821	23.2916798592
4.3042264929	24.7957808971
4.2818524801	26.3229417801
4.31329454756	27.8246638775
4.38368683743	29.3284728527
4.34247664083	30.8186519146
4.25122552801	32.3355028629
4.28251875121	33.8524129391
4.25234590679	35.3469748497
4.14758885327	36.8473229408
4.06210931613	38.3549540043
4.08561137058	39.8591558933
3.98152786164	41.3837869167
3.89248682912	42.8788769245
3.84881356409	44.3771557808
3.84634372845	45.8813309669
3.83869751487	47.3932797909
3.78181476013	48.8854079247
3.88499881123	50.3809437752
3.88625877485	51.8767797947
3.86603292859	53.3725538254
3.85697590043	54.8727889061
3.82367788112	56.3695869446
3.80542288058	57.8704137802
3.76481641966	59.3665518761
3.76521611489	60.8641738892
3.70029255424	62.4041798115
3.59897146017	63.8978118896
3.50300309457	65.4345049858
3.51408586615	66.9338819981
3.52983463963	68.4385299683
3.51972105021	69.9459788799
3.53781457306	71.4527778625
3.57805404705	72.9458107948
3.60620969468	74.4384617805
3.60797425694	75.937732935
3.55628814429	77.4298818111
3.5012241629	79.0022249222
3.44354096571	80.7461948395
3.40831767625	82.4012517929
3.46250740782	84.0516359806
3.45688849433	85.5605509281
3.43044099539	87.0595099926
3.43018067929	88.5550599098
3.38462628909	90.0474009514
3.33159992663	91.5560128689
3.33595035618	93.0466167927
3.28771781905	94.5483579636
3.24150471691	96.0560538769
3.22374141639	97.5578238964
3.15310494349	99.077174902
3.24330215446	100.604980946
3.29382737335	102.102102995
3.300922454	103.603635788
3.2691286511	105.113932848
3.3429402898	106.619692802
3.26230971285	108.115392923
3.2343502674	109.639630795
3.17909738791	111.157567978
3.12477077964	112.659476995
3.12037742775	114.223505974
3.12577886647	116.021218777
3.07105912153	117.67282486
3.04530249955	119.304138899
3.10840200735	120.809387922
3.11712726803	122.311003923
3.14241928337	123.801549911
3.15593864694	125.287556887
3.17583128607	126.783614874
3.15555394274	128.29041481
3.16534998816	129.79336977
3.18862417614	131.291281939
3.27619754434	132.778689861
3.33447268225	134.26422596
3.3832663573	135.856609821
3.30384439816	137.514237881
3.29964808696	139.231850863
3.27981819745	141.010989904
3.23786599722	142.57760787
3.20089700751	144.068447828
3.21366574871	145.764471769
3.2057812285	147.434377909
3.22864237006	149.117325783
3.32563308212	150.609275818
3.27777466643	152.103703976
3.2077154097	153.586346865
3.20846424203	155.079100847
3.14166192768	156.57651782
3.17401423114	158.072882891
3.20197765998	159.786731005
3.11036762935	161.286233902
3.25517249096	162.784027815
3.19976949546	164.282891989
3.2267809239	165.786884785
3.17410922737	167.278455973
3.11369988292	168.764123917
3.21991954184	170.250720978
3.09787784336	171.741696835
2.97148702402	173.232690811
2.95034759946	174.72100687
2.94763953932	176.225977898
3.01017445291	177.718126774
2.99986754778	179.20051384
3.09769995459	180.687820911
3.08956662261	182.177620888
3.12212080912	183.672696829
3.07536535304	185.173144817
3.05597172827	186.673843861
2.97950875514	188.175320864
2.94477433595	189.666707993
2.9025552355	191.180751801
2.92665818344	192.678875923
2.85215157456	194.177791834
2.87717275011	195.672441006
2.92847507165	197.16164279
2.94224957474	198.643613815
2.93766304325	200.136904955
2.78669453349	201.658355951
2.81402999106	203.248366833
2.80837989148	205.740990877
2.72158908528	208.477463961
2.62112757186	210.516683817
2.5701280631	212.768250942
2.56605408515	215.029289007
2.55820401711	216.841968775
2.55440786008	218.470641851
2.54455404174	220.167795897
2.54771503322	221.866509914
2.55133215702	223.460728884
2.58034256485	225.441049814
2.56441165209	227.076370955
2.515497719	229.318286896
2.42678375162	230.849494934
2.39999516027	232.342806816
2.29511880863	233.837325811
2.2870394175	235.330717802
2.31908624638	236.844823837
2.34977316266	238.353782892
2.30184868498	239.855378866
2.29827298826	241.3530128
2.34524663542	242.877457857
2.31967666544	244.367818832
2.34945315567	245.864878893
2.32584175369	247.37301898
2.34748636842	248.870691776
2.34574101663	250.375406981
2.39526437245	251.912042856
2.42564897608	253.701844931
2.43540577991	255.429255962
2.48101214105	258.276850939
2.48134224494	260.159076929
2.47542560466	261.882286787
2.48942165813	263.376966
2.49298015141	264.887649775
2.50642984315	266.396432877
2.52599029859	267.906653881
2.48570924655	269.408017874
2.48701686108	270.908161879
2.45729122864	272.456098795
2.40950707219	274.186240911
2.40312354775	275.821038961
2.40019442555	277.455230951
2.30391302977	279.121851921
2.35913881204	280.766746998
2.35524274735	282.272479773
2.37943371751	283.76795578
2.44280884327	285.272885799
2.45397027704	286.766391993
2.4324470721	288.253847837
2.56347190358	289.741679907
2.44879361092	291.233354807
2.4769522795	292.723361969
2.45209910973	294.211297989
2.4325241071	295.697969913
2.46315022956	297.263482809
2.51788014007	298.792623997
2.52509440435	300.335298777
2.58851779721	301.875042915
2.49495999411	303.366911888
2.48125479079	304.892527819
2.53084469595	306.403716803
2.57204672104	307.929467916
2.50124096734	309.454246998
2.51559308832	310.965517998
2.52797679391	312.464062929
2.46363450338	313.95755291
2.39686397292	315.46094799
2.45894542758	316.965020895
2.49381196373	318.468384981
2.50813265453	319.966838837
2.52932096951	321.46397686
2.64007499718	322.98070097
2.59740396978	324.480041981
2.52381266003	325.980460882
2.48872479298	327.597335815
2.4162627453	329.136164904
2.46627563593	330.645025969
2.47808362562	332.345165968
2.51653872722	333.88723588
2.52918028725	335.556996822
2.41655346033	337.217173815
2.2982480429	338.906511784
2.30334688892	340.427339792
2.30228636488	342.071694851
2.29620434518	344.078806877
2.25459194944	346.016960859
2.21371238942	347.532775879
2.19586386652	349.025270939
2.19411078748	350.577875853
2.19717177025	352.276094913
2.12724741584	353.805971861
2.18240544764	355.59629178
2.25836925129	357.462119818
2.30793201899	359.705909967
2.38497429452	367.017030954
2.39717440689	371.681867838
2.37628937229	373.618366957
2.28724474746	375.288253784
2.35581047597	376.996226788
2.40758796582	378.5573318
2.33117539256	380.149307966
2.24195627809	381.769024849
2.24930660881	383.360023975
2.24172442194	384.933502913
2.25503632437	386.546531916
2.19052012643	388.355670929
2.20151101546	390.241997957
2.18902045795	391.803116798
2.24072950668	393.519558907
2.25939190463	395.036244869
2.25346768664	396.545116901
2.28842422583	398.048358917
2.42411175403	399.551039934
2.39692298369	401.194872856
2.4318205426	402.863835812
2.39483685905	404.629105806
2.48248475245	406.183124781
