5.8757100831	0.110064983368
7.62745739989	0.238692045212
5.79040920801	0.332242965698
5.04453307772	0.431992053986
4.76911790632	0.566003084183
4.6567276062	0.656359910965
3.47626649416	0.802810907364
3.38743620256	0.88676404953
3.30255924719	0.999887943268
3.32103604299	1.10194897652
3.32701734407	1.18267393112
3.20283946756	1.28431487083
3.19141439558	1.38086104393
3.16791233606	1.4962849617
3.26226570735	1.58889007568
3.21724478558	1.69013404846
3.16874779298	1.77339792252
3.20478324595	1.84858489037
3.50901769782	1.91800498962
3.51896286156	1.99970006943
3.56524149143	2.0823469162
3.41298276989	2.1786980629
3.31555939727	2.27717208862
3.22454281264	2.42029500008
3.22898908578	2.50251507759
3.30856216097	2.59064388275
3.27432310985	2.66609406471
3.16933161543	2.76917791367
3.15159658879	2.84618902206
3.27403710664	2.93157601357
3.32795620888	3.03063392639
3.33516602141	3.20039010048
3.14589748823	3.28658699989
3.13506606361	3.38095498085
3.13049402183	3.43340086937
3.16896729652	3.51635193825
3.1628076555	3.62800908089
3.17709930463	3.73752999306
3.24827100896	3.81299710274
3.26469435684	3.89262890816
3.25599894533	3.97455191612
3.20706080356	4.13344597816
3.07961186558	4.23654794693
3.08615723206	4.33599090576
3.06497007108	4.41747999191
3.26359986141	4.50439500809
3.23008719777	4.61177492142
3.25339663138	4.69111800194
3.23477019652	4.74910902977
3.27089733801	4.811191082
3.10931852161	4.91221404076
2.92773759542	5.01209187508
2.92086715942	5.11398005486
2.88498087443	5.28252792358
2.92671491547	5.37281990051
2.87753479911	5.47555589676
2.83473968834	5.5447640419
2.83835611761	5.59852910042
2.62586938637	5.68641805649
2.71771238941	5.76018500328
2.58758013564	5.86248397827
2.52823718034	5.94017291069
2.39697524604	6.12911105156
2.43825217817	6.22902297974
2.40907786391	6.43119502068
2.40640370723	6.52493095398
2.49312256701	6.65034198761
2.50682306867	6.72455692291
2.50825659191	6.82561898232
2.54194338059	6.89460396767
2.50774217753	6.99252700806
2.53720548838	7.09187889099
2.37603402811	7.19145607948
2.38328581142	7.35494709015
2.37028545153	7.45514297485
2.3772131172	7.56360697746
2.37568717594	7.66073608398
2.25569148772	7.74972605705
2.29652985855	7.81968402863
2.29317117137	7.90658903122
2.31323848341	7.96716690063
2.27135126027	8.05595302582
2.27126679097	8.13987994194
2.18575757192	8.26329898834
2.22654691627	8.39301609993
2.17227939755	8.50226402283
2.17149504615	8.62287807465
2.15247668708	8.70275402069
2.16804484958	8.80454087257
2.13608339251	8.93412899971
2.22426779913	9.0420498848
2.2709483765	9.17108893394
2.1727874891	9.23434591293
2.24199247523	9.32641196251
2.22444256524	9.48764801025
2.21013899325	9.59710001945
2.19750266818	9.69363689423
2.21528120813	9.81149101257
2.22651388575	9.9224178791
2.19831748952	10.011494875
2.13656289563	10.1396598816
2.08200408177	10.2230110168
2.02601745037	10.331017971
2.04056415096	10.4325630665
2.03572173737	10.5876319408
1.96377441866	10.6950340271
1.97612931902	10.7975549698
1.90783187902	10.9051918983
1.96011572247	10.9843380451
1.91847121349	11.1023569107
1.91163522394	11.2709848881
1.94152780333	11.4304039478
1.98892272796	11.6954538822
1.93519192652	11.8275330067
1.98819035456	11.8913350105
1.9463983476	12.015157938
1.95014731053	12.1131410599
1.88425851407	12.2275459766
1.91407025897	12.5443460941
1.93673013038	12.7038230896
1.91166487286	12.8437850475
1.97136484475	13.0638720989
1.95944295838	13.1716029644
1.94874329162	13.3372869492
1.97621126302	13.4057540894
2.05199099669	13.5093178749
2.02809461825	13.5946130753
1.99040235212	13.6754250526
1.95893877783	13.767261982
2.00149588562	13.9307579994
2.01139727952	14.0276579857
2.03013649582	14.0988399982
2.01917948994	14.1976149082
1.97496469946	14.3135020733
1.90143550502	14.4210529327
1.85587243763	14.4840869904
1.83762320818	14.5671799183
1.85944260758	14.6809580326
1.83185788885	14.7819359303
1.87108893556	14.8978068829
1.84468993715	14.9878668785
1.86058632995	15.124024868
1.85737274553	15.244040966
1.80937804705	15.3664059639
1.86498712399	15.4597020149
1.85111337501	15.5601520538
1.93171061437	15.6610970497
1.9368058832	15.7557048798
1.88673681061	15.8361949921
1.7901055333	15.9564700127
1.78587209245	16.0489630699
1.81835040451	16.1328649521
1.83154399404	16.2340090275
1.84421769188	16.3269679546
1.8343966211	16.4290540218
1.90067806595	16.5219190121
1.90486736536	16.6064779758
1.93453111217	16.6845619678
1.94794544711	16.7646889687
1.90567883336	16.8436739445
1.94473548627	16.9583339691
1.98057304558	17.0685970783
1.96012832651	17.1545660496
1.97460020404	17.3002998829
2.0343342458	17.3767809868
2.15934780902	17.4901690483
2.25081014332	17.5874800682
2.19178791797	17.6784000397
2.21656905272	17.7692639828
2.1976234062	17.8777329922
2.15662418413	17.9843730927
2.22687717644	18.0632810593
2.13938945319	18.1560781002
2.0539094911	18.2580809593
2.02560326361	18.3594210148
1.97453826815	18.4244148731
1.97118287337	18.5242600441
1.98330928669	18.6643879414
1.97619640847	18.7862200737
1.93129178941	18.9105448723
1.97455887318	19.0819239616
1.93267574925	19.2536590099
1.91277032279	19.4295740128
2.02660123042	19.5668749809
1.93374762556	19.6999409199
1.93972085317	19.8137290478
1.96452683565	19.967181921
1.96267326082	20.114235878
1.92737861062	20.2036139965
1.91585626214	20.3733110428
1.87676791355	20.4747979641
1.90058477414	20.6236970425
1.91991874399	20.7045190334
1.94079382441	20.7932610512
1.95896106014	20.9134950638
1.97335326324	20.9989569187
1.89239223331	21.090681076
1.892048521	21.1745729446
1.89307428533	21.2908768654
1.87549861845	21.3619220257
1.85597999708	21.4505419731
1.90553136164	21.6663789749
1.91158183201	21.7426300049
1.95711746288	21.8396229744
1.93387212378	21.9369518757
1.88754814667	22.0305860043
1.88021154911	22.1404380798
1.88695695572	22.2303640842
1.88157357896	22.3526768684
1.93608473437	22.490447998
1.89068206387	22.6022188663
1.93625569504	22.7389659882
1.90356782387	22.8641700745
1.91477240216	22.9587910175
1.96404836495	23.0515809059
1.96027161501	23.1382639408
1.96048460734	23.2484519482
1.95834561034	23.3388729095
1.94361199051	23.434470892
1.90484900886	23.5273358822
1.9229116272	23.6092960835
1.93892528795	23.8536250591
1.92629207803	23.9650530815
1.93659471306	24.0537929535
1.93042680807	24.1501510143
1.90079387479	24.2212669849
1.98977541914	24.3175830841
1.97848732983	24.4139978886
1.95545636348	24.4970910549
1.94580313817	24.6006720066
1.90451052124	24.7881450653
1.88060818647	24.9039978981
1.90793006309	25.0458240509
1.91190327644	25.1250050068
1.86952274935	25.2073218822
1.85623399526	25.338064909
1.84353037552	25.431497097
1.81880635683	25.5088999271
1.81382779078	25.5960040092
1.82396051688	25.6734530926
1.83691280183	25.809869051
1.8656035881	25.9085559845
1.91156138016	25.9960479736
1.90481871055	26.1131210327
1.88499004252	26.2104508877
1.89541727239	26.2948920727
1.95089065379	26.3970999718
1.98950234491	26.4936020374
1.98796738887	26.5628480911
2.04422775571	26.6644260883
2.02392858697	26.7476680279
2.03084340898	26.9799740314
2.03747173966	27.1023728848
2.03554822287	27.1852509975
2.0502278769	27.2953989506
2.02240636622	27.3725919724
2.11726780204	27.4581229687
2.10959488347	27.5167570114
2.09033442249	27.5798950195
2.05363387268	27.6856238842
2.02748867227	27.7744810581
2.0285621905	27.8621449471
2.01525698885	27.9612910748
2.01996234666	28.0818729401
2.06642775472	28.207832098
2.05159726436	28.3318040371
2.05785853995	28.409735918
2.05601208065	28.4911439419
2.01417424585	28.5862109661
1.99628064387	28.6762020588
1.99599809654	28.7746169567
1.99621277262	28.9025359154
2.00342487826	28.9861059189
2.05512935188	29.1911320686
2.04792319531	29.2854139805
2.05669417819	29.3958849907
2.00692025645	29.4979159832
2.00943663284	29.6893999577
2.00361973982	29.8189311028
2.00658348231	29.918389082
1.98761013455	30.0296580791
1.97249516698	30.1066629887
1.97277675458	30.2318379879
1.94300171995	30.2996530533
1.95606578833	30.3811459541
1.96579354723	30.4890868664
1.96917628012	30.5749669075
1.98372221039	30.6669700146
1.97492729331	30.7754819393
1.94903170971	30.8660020828
1.93737281897	30.9310820103
1.96717132049	31.1454770565
1.95840527521	31.2248880863
1.95496594893	31.3011479378
2.00750961464	31.3852009773
2.01058862042	31.4492359161
1.98171120594	31.5241680145
1.96648765705	31.6246209145
2.01339722742	31.751005888
2.03678502604	31.8155350685
2.09056769354	31.9094669819
2.11125705592	32.006485939
2.13078757929	32.1238451004
2.12710996616	32.1824131012
2.12366555461	32.3483610153
2.18523744807	32.4400749207
2.15836253447	32.5275959969
2.16742625756	32.6228120327
2.18793343202	32.6871330738
2.17472604201	32.7719650269
2.21843137785	32.8778629303
2.14865691927	32.9597039223
2.16520970076	33.0889558792
2.14404249121	33.1878139973
2.1437022465	33.3092069626
2.16221285129	33.4000859261
2.06101354044	33.4931519032
2.08453797463	33.5653460026
2.06991211196	33.6561689377
2.06292529313	33.734926939
1.94786336951	33.7934670448
2.00124901695	33.8958330154
2.04101377947	33.9981439114
2.07719917094	34.0904009342
2.06428472585	34.1620340347
2.02432721607	34.2556459904
2.00320266907	34.3384170532
2.07934070601	34.4915480614
2.09191915499	34.5729300976
2.04404723741	34.6532390118
2.06268371144	34.7562699318
2.07590464994	34.8410489559
2.05011764102	34.9793279171
2.05679495274	35.0970718861
2.07227901595	35.1664400101
2.10310662369	35.2762269974
2.28104292405	35.3684649467
2.24838561781	35.426651001
2.20903725553	35.5597970486
2.20363662032	35.6411919594
2.23838834643	35.7227370739
2.17237353437	35.8227260113
2.16779587804	35.9345309734
2.24975187761	36.0268189907
2.25442059779	36.1128098965
2.21825654869	36.249587059
2.31931642889	36.3208329678
2.32917124438	36.3904769421
2.31200567859	36.4458599091
2.33642654667	36.5683960915
2.30319457621	36.6612050533
2.33115743074	36.7441799641
2.2957656467	36.8745419979
2.27916719602	36.9782428741
2.35486953959	37.0683150291
2.46716473821	37.1576318741
2.38704053284	37.2222008705
2.33424532655	37.2804670334
2.32794105087	37.3693358898
2.32386615203	37.4909119606
2.3438311851	37.6053190231
2.30729005544	37.6732470989
2.30642660587	37.7592270374
2.34000735087	37.8214960098
2.32185284139	37.9258680344
2.3048711814	38.0219500065
2.23236589222	38.1031038761
2.21782849137	38.1871008873
2.25634724452	38.2755899429
2.24153822255	38.3666160107
2.28118776454	38.4754450321
2.31304622018	38.5888838768
2.28962139908	38.673871994
2.26827267323	38.8710339069
2.34067681644	38.9655990601
2.26136109542	39.0864040852
2.2722404758	39.1546280384
2.24765413902	39.2308440208
2.21792741449	39.3148078918
2.14572726164	39.3965559006
2.21101211914	39.4794991016
2.21397044288	39.6187529564
2.14619399592	39.7236950397
2.12480254707	39.8142139912
2.1024145121	39.922604084
2.15298325539	40.0570960045
2.12107802455	40.15477705
2.11863391372	40.2397379875
2.12046586681	40.3401429653
2.23131321171	40.4317359924
2.23084774432	40.5242190361
2.27777064508	40.6854300499
2.32029038242	40.8021469116
2.30337965731	40.8644769192
2.32462371704	40.990860939
2.33210888968	41.0884408951
2.36894795792	41.1759159565
2.38169017467	41.2464618683
2.40375556467	41.3410799503
2.43291034292	41.4379839897
2.41975868345	41.5293960571
2.43164071038	41.7021760941
2.42890956811	41.81894207
2.44568540761	41.9168689251
2.46421214549	42.0005729198
2.45370643141	42.0824809074
2.43508737883	42.1723680496
2.41933939853	42.2547478676
2.4468121667	42.3232529163
2.41270722702	42.4022450447
2.40765058773	42.5192809105
2.36241417668	42.6710469723
2.38492835918	42.7638549805
2.3696857608	42.8626329899
2.36183047798	42.967674017
2.33655940064	43.0579099655
2.33460607626	43.1356780529
2.28752902465	43.2307629585
2.29110573587	43.3227360249
2.2740870498	43.4191339016
2.30443580893	43.5047469139
2.28184674986	43.5861699581
2.30167225753	43.6814069748
2.30797852041	43.8335440159
2.36123343835	43.9451379776
2.34248790967	44.0406858921
2.30755808862	44.1301569939
2.37296647162	44.2055928707
2.39998372915	44.3013269901
2.41399659344	44.3700768948
2.40593905375	44.4769690037
2.39392384665	44.5830779076
2.34629102858	44.6608560085
2.38619821809	44.7681219578
2.32444409331	44.8923130035
2.33329929671	45.0855379105
2.3390473266	45.199600935
2.33529057491	45.292495966
2.36594419704	45.3857870102
2.32527577989	45.4816360474
2.34326438914	45.5615360737
2.35176813024	45.6363949776
2.42943426854	45.7156159878
2.39665789542	45.7992589474
2.33789151367	45.9376380444
2.27976662788	46.0169448853
2.32079746464	46.1136169434
2.26677130587	46.1915459633
2.37903025123	46.3115921021
2.32519942577	46.4118859768
2.30157511732	46.4997489452
2.3678610809	46.5709850788
2.35465509614	46.670279026
2.36937607148	46.7768120766
2.3501354295	46.839318037
2.29389835296	46.9223968983
2.32428592896	47.057847023
2.31981179481	47.1579320431
2.35152322644	47.2456219196
2.34391838822	47.3416268826
2.32555430074	47.4239289761
2.37218811978	47.5290770531
2.40775832788	47.6283209324
2.41897187168	47.7000849247
2.42672513243	47.7863249779
2.39532101596	47.8743898869
2.43482293484	47.9875469208
2.45253657591	48.1243388653
2.40341515091	48.1854250431
2.4054573835	48.26649189
2.31363508892	48.3444979191
2.29704540716	48.4055399895
2.20751884593	48.5303239822
2.23502205924	48.6150839329
2.2554397479	48.7054049969
2.20582913521	48.8433990479
2.18100298556	48.9693160057
2.17972290707	49.0882570744
2.16854083561	49.1599168777
2.23481407824	49.2606709003
2.22463216229	49.3489289284
2.22045266811	49.4402709007
2.21648321613	49.5369439125
2.3077423115	49.617743969
2.30075082149	49.6926300526
2.31173128889	49.8107869625
2.35706271154	49.9021730423
2.36672129981	49.9831690788
2.33173800138	50.0673680305
2.38118163097	50.2290370464
2.40733131674	50.3114290237
2.39254584214	50.4379229546
2.46885169638	50.5894970894
2.44264304178	50.6728479862
2.45720388297	50.7532310486
2.48525381715	50.8523828983
2.4617802546	50.9387059212
2.41525839215	51.0289280415
2.41947534363	51.119246006
2.49734610244	51.2978880405
2.48830201529	51.444863081
2.5544353235	51.5588998795
2.52400179065	51.6261680126
2.52376023952	51.7219069004
2.59657805899	51.8310530186
2.60784889179	51.9180948734
2.51806938743	52.0522809029
2.52850702394	52.1279690266
2.52934030577	52.3537271023
2.53531722375	52.6155259609
2.48093549321	52.7477600574
2.41487918897	52.8458709717
2.38882209651	52.9265999794
2.37193763158	53.0038208961
2.36192355963	53.0984890461
2.36568224699	53.1772379875
2.36835544883	53.291121006
2.40396755217	53.4507088661
2.29605788622	53.5289819241
2.31577426334	53.6005671024
2.30359152635	53.7202088833
2.28686282759	53.8454248905
2.24328055658	53.9221088886
2.26239013918	54.003125906
2.24732406284	54.0633180141
2.26872497901	54.1557350159
2.12615100304	54.2584269047
2.08897859015	54.4493050575
2.10371084685	54.5606820583
2.12186220931	54.6601068974
2.1346676161	54.7652659416
2.11525010195	54.876144886
2.0974210174	54.9422879219
2.13689066383	55.0566420555
2.14490692681	55.1465299129
2.08154587227	55.2621090412
2.09395241794	55.3257110119
2.09017541318	55.4219739437
1.96386037151	55.5221669674
2.00458615878	55.6416139603
1.98974688714	55.7207350731
1.97939956441	55.8829848766
1.97961386099	55.9804389477
1.99194159512	56.0462229252
2.03520382914	56.1589698792
2.03008206743	56.2713439465
2.00753007234	56.3628211021
1.85308002704	56.499309063
1.85254527262	56.595831871
1.8696133744	56.7409119606
1.87737768502	56.8371260166
1.88651232897	56.937994957
1.88850053864	57.0455949306
1.87976145419	57.1120290756
1.87909087726	57.179751873
1.897535511	57.2603600025
1.86392482517	57.3395800591
1.89752493232	57.4285159111
1.91472173353	57.5161938667
1.93268365808	57.616204977
1.91810209887	57.7735629082
1.96175121813	57.9091038704
1.96461707315	58.0475440025
1.94905689313	58.1117489338
1.98295703059	58.2032330036
2.02187601598	58.2873430252
2.02498920622	58.365694046
2.01857099679	58.4305319786
2.04704092846	58.519382
2.01977656674	58.581925869
2.01925430573	58.6833119392
2.04105785744	58.7632939816
2.10709060796	58.8672690392
2.10615388732	58.933218956
2.11238314978	58.9829599857
2.10601892333	59.0956380367
2.08655828841	59.1720309258
2.10460015496	59.258079052
2.16359839283	59.3552498817
2.18030112341	59.4345059395
2.16286819152	59.4892618656
2.11927364305	59.576832056
2.15764249991	59.6482388973
2.14876572636	59.8687610626
2.15326984688	59.9479410648
2.16028422253	60.0106210709
2.15560977005	60.0806629658
2.16885964634	60.1792159081
2.15150208714	60.2614400387
2.0996069551	60.3727231026
2.13062092948	60.4446399212
2.10200688373	60.5204219818
2.10475551587	60.6014990807
2.11123903279	60.6733810902
2.0808646522	60.7915010452
2.09581152218	60.8684608936
2.11340927769	60.9529929161
2.17364385024	61.0524539948
2.13614118023	61.1589958668
2.06336547429	61.2159500122
2.07733804327	61.3094520569
2.14519957967	61.3662140369
2.1680672189	61.4163029194
2.24276502301	61.4943060875
2.2640899248	61.6471180916
2.28636581844	61.7149579525
2.38382368047	61.8372368813
2.3079534975	61.9212360382
2.28301045502	62.0371010303
2.28994955461	62.1229100227
2.27880550462	62.217247963
2.27885445025	62.2923810482
2.32242019356	62.387294054
2.31512914126	62.5056519508
2.31632053405	62.6066439152
2.30906918133	62.7078928947
2.29066826034	62.771684885
2.32236929299	62.9500370026
2.32078460698	63.0388278961
2.35675463698	63.1230208874
2.35388537065	63.1968688965
2.37335740224	63.3333940506
2.40558896868	63.4847149849
2.41557945554	63.5647339821
2.42017618216	63.6390099525
2.40754248036	63.7319250107
2.36764938196	63.7891459465
2.38125694872	63.8692510128
2.41161306451	64.0197739601
2.39871004628	64.1215689182
2.43279545242	64.2000060081
2.40409484072	64.2675628662
2.40793434205	64.3310630322
2.41990188404	64.4199550152
2.42532773256	64.4914479256
2.46474704452	64.5777010918
2.4851693694	64.6540780067
2.51533666671	64.7440860271
2.53216042807	64.8361098766
2.555963258	64.9055500031
2.60756234852	65.0054709911
2.64896438056	65.0835750103
2.65383861248	65.1787600517
2.66569311657	65.2823588848
2.65101500055	65.3778190613
2.6546092152	65.4615650177
2.71015630211	65.5269808769
2.74282060542	65.5945160389
2.81249567342	65.6598210335
2.84747312289	65.7429890633
2.86558711386	65.831346035
2.8997769124	65.9209370613
2.83925049603	66.01065588
2.80205984258	66.0936069489
2.76770407443	66.2715280056
2.76076722475	66.3373038769
2.60815056427	66.4232370853
2.60055652559	66.553910017
2.59005243461	66.6583080292
2.64196266053	66.7764298916
2.63141625604	66.8641459942
2.66326186223	67.0583269596
2.66372791684	67.1463170052
2.72016748761	67.2325839996
2.73913902996	67.3474690914
2.71379122795	67.5254459381
2.6055271381	67.6044631004
2.60643363101	67.7033030987
2.41712600646	67.7890899181
2.47313497245	67.8828229904
2.50341618946	68.0991680622
2.51537041215	68.1999540329
2.53762271479	68.2944960594
2.55072634791	68.4191579819
2.58314755818	68.5076489449
2.57183116746	68.6238539219
2.58648812379	68.7608208656
2.61329137645	68.8157908916
2.66843843237	68.9143259525
2.64477970347	69.0301339626
2.61773358073	69.1853308678
2.58491868197	69.3519029617
2.58775863212	69.4389369488
2.51802511943	69.5293889046
2.56629370803	69.6300048828
2.45572502427	69.7050230503
2.45943593575	69.8100059032
2.49181345579	69.9179298878
2.50281892668	69.9928350449
2.55624136372	70.0834469795
2.51505502812	70.1729090214
2.49817755388	70.2756149769
2.4932468451	70.3625659943
2.50172629725	70.4835739136
2.57015181328	70.5809020996
2.56719350865	70.6647698879
2.57801297461	70.7580468655
2.55142937937	70.8862330914
2.56132172115	71.0024290085
2.56042841091	71.0940449238
2.61606122441	71.1851739883
2.70208886555	71.3446159363
2.64727749379	71.4178850651
2.65592624729	71.4837639332
2.6465790433	71.5660278797
2.6325187369	71.6679680347
2.61321825357	71.7572350502
2.66462524369	71.8725199699
2.66737856017	71.9391400814
2.79219091882	72.0220499039
2.79611671953	72.1124300957
2.87501700537	72.1753029823
2.85794555945	72.2807281017
2.86667719556	72.3709590435
2.89666265321	72.5294790268
2.88350839861	72.592206955
2.86831334218	72.6537950039
2.82654086675	72.7462329865
2.88095579862	72.817483902
2.91620233336	72.9391899109
2.85841033969	73.0468099117
2.87311694163	73.1439449787
2.84986583045	73.2071270943
2.89748912182	73.2894129753
2.90928391621	73.3740649223
2.91304014641	73.471339941
2.91638018547	73.6064050198
2.96751442696	73.6828560829
2.96059921322	73.7855699062
2.99647739188	73.8851230145
3.0054951779	73.980410099
2.969566461	74.12616992
2.97983525405	74.2706069946
2.94352661418	74.3343219757
2.98062574912	74.4089229107
3.0447749379	74.4838850498
3.0268037975	74.5551700592
3.05351013353	74.7155308723
2.99144340692	74.800112009
2.97885155974	74.8818469048
2.77116964052	74.975883007
2.70090053985	75.0626749992
2.7140960865	75.1230750084
2.70898315443	75.2127180099
2.69190477443	75.2985758781
2.7375580674	75.3619790077
2.73533517697	75.4667639732
2.73779631858	75.5536079407
2.75830689218	75.6371040344
2.71012386002	75.7665119171
2.73405414237	75.8869040012
2.75363422059	75.9653029442
2.76294735221	76.1050379276
2.79146654108	76.1778709888
2.75713837578	76.3029870987
2.81390500006	76.37596488
2.81182490594	76.4477479458
2.81482533238	76.5650560856
2.82385286603	76.6264939308
2.84585546842	76.7307620049
2.86207103347	76.9098398685
2.86845909788	76.9945750237
2.85233096012	77.0642240047
2.89743295606	77.155960083
2.90019810369	77.2668309212
2.94542668668	77.351526022
2.9641901735	77.4628551006
2.92156125333	77.5384678841
2.92444674579	77.6113300323
2.93144231635	77.6778879166
2.99980015348	77.7669780254
2.98680097044	77.96002388
3.03818467787	78.0252969265
3.11453168597	78.0991358757
3.07904175648	78.1786439419
3.11065996002	78.2614350319
3.05418811829	78.3644669056
3.0483113105	78.4483249187
3.00386946995	78.5486109257
3.03604270816	78.6918649673
3.12817676807	78.783354044
3.26857471856	78.8712310791
3.27258440042	79.0510299206
3.31584000867	79.1814639568
3.43497685445	79.2670829296
3.42404205659	79.3633899689
3.35785409309	79.4606869221
3.39983740536	79.5499420166
3.1964462231	79.6430089474
3.21699524894	79.7454030514
3.25126622298	79.8834578991
3.25148597377	79.9766900539
3.24694115708	80.0603909492
3.24183835429	80.1392939091
3.19794046118	80.2209379673
3.12767647818	80.2998158932
3.14287422996	80.3709800243
3.15491612406	80.4621260166
3.10049602352	80.5277490616
3.14023534829	80.606908083
3.14161367949	80.7019028664
3.15467650628	80.7879219055
3.03061954843	80.8792519569
3.13991922251	80.9855849743
3.11148775359	81.0824329853
3.10575590433	81.1833560467
3.02950851055	81.2772600651
3.05255850977	81.3847029209
3.00535376848	81.508081913
3.0059456011	81.5667619705
3.01677513392	81.6618030071
3.01751111847	81.7242929935
2.86067832364	81.7844340801
2.87883290951	81.8455848694
2.86248656416	81.9353780746
2.86733590538	82.0188660622
2.83020825388	82.1295778751
2.82301027927	82.3780300617
2.87381565233	82.7680668831
2.70370495153	83.1431939602
2.7115956313	83.3719930649
2.70234577037	83.4707598686
2.69158783119	83.6172950268
2.68065748215	83.7202529907
2.68662243272	83.8702158928
2.78442360067	83.9608840942
2.79399646895	84.0814080238
2.78515172662	84.2003259659
2.81600528416	84.3654770851
2.74897161707	84.4619140625
2.75746374429	84.5448319912
2.76021283255	84.6859879494
2.76682922661	84.7820858955
2.78721567984	84.8580479622
2.80609649702	84.9354300499
2.81651957198	84.9827020168
2.78474388964	85.0589230061
2.79483964364	85.1224849224
2.91405418894	85.190926075
2.97813038028	85.2535459995
2.9624755361	85.3134760857
2.98424242536	85.3967020512
2.65595455649	85.4852108955
2.67035890851	85.7344679832
2.62651584878	85.8322398663
2.63726701453	85.9257669449
2.63405974476	85.9926199913
2.65358626544	86.0620219707
2.66644700361	86.1196830273
2.62403518794	86.1938400269
2.62339245017	86.2848498821
2.68111272553	86.3783290386
2.67493780252	86.429117918
2.6654860668	86.4934499264
2.58210224512	86.5588550568
2.54800012677	86.6913518906
2.54195117743	86.8124508858
2.55434559918	86.902561903
2.56357434001	86.9810919762
2.52682585617	87.0670559406
2.53271566531	87.193723917
2.4800836474	87.2764890194
2.44998841306	87.3882369995
2.52439951459	87.4713699818
2.57911737622	87.5716669559
2.57854363475	87.7008979321
2.57519852412	87.8291258812
2.52878832753	87.9332439899
2.51968082839	88.0186510086
2.50954342544	88.1002500057
2.53947453591	88.1743760109
2.51796803618	88.2728869915
2.59874471513	88.3685100079
2.60543328364	88.4531950951
2.6345126845	88.5172560215
2.69075884867	88.5830988884
2.6336073852	88.6822350025
2.62937181579	88.7665450573
2.65000713556	88.8929979801
2.66615967211	88.9900679588
2.61321778194	89.0971860886
2.68718342125	89.2110590935
2.66331691815	89.3018140793
2.68775222498	89.3956899643
2.70283448017	89.5676438808
2.67687542876	89.6891300678
2.60023877419	89.8095588684
2.56425281365	89.9521799088
2.58070918827	90.0857040882
2.53938047697	90.167069912
2.57780494988	90.2614459991
2.60322724651	90.3611850739
2.55701495856	90.4346380234
2.56439103747	90.5181598663
2.55083463639	90.5907728672
2.55725151599	90.6321370602
2.50288186497	90.7097549438
2.62767309398	90.7981328964
2.64014761173	90.8691248894
2.59676537534	91.0348858833
2.59080503327	91.1033949852
2.58742975993	91.1836431026
2.62212550311	91.2593479156
2.49707880618	91.3704140186
2.48838625808	91.4595530033
2.53376748106	91.5493190289
2.5099828297	91.6195290089
2.53062478702	91.6933009624
2.52781444161	91.7931890488
2.54867963698	91.8762888908
2.56824596565	92.0197019577
2.57779992701	92.1059379578
2.54499960128	92.279556036
2.49146802692	92.4150969982
2.47666647886	92.6561501026
2.42395201744	92.8054759502
2.49672856691	92.9512679577
2.51627074635	93.2077839375
2.49935567135	93.3114330769
2.51393576936	93.4396870136
2.5255223622	93.5207688808
2.52522352289	93.6897959709
2.59246582626	93.7727730274
2.60519917717	93.875895977
2.74439739124	93.944633007
2.73714595237	94.0072550774
2.76586683158	94.0792438984
2.83420105171	94.1321220398
2.93982679312	94.2797570229
2.94777206656	94.3743059635
2.97215770509	94.4433629513
2.97288365724	94.5048470497
3.00876371324	94.6045150757
2.96469304023	94.6723818779
2.91696365416	94.7558069229
2.91251182446	94.8327109814
2.9237455808	94.9315199852
2.9320376364	94.9985420704
2.96229703167	95.0780379772
2.96969636923	95.1403999329
2.92894825859	95.2390270233
2.90722342638	95.3892810345
2.88280196697	95.4986290932
2.90812213296	95.6417739391
2.86511419488	95.7182819843
2.89267872868	95.7978339195
2.85288881884	95.8839480877
2.92071293217	95.949272871
2.93109021006	96.0285449028
2.91754245368	96.0955550671
2.92302299397	96.1568250656
2.92314163243	96.221421957
2.94420306612	96.3796560764
3.00192156807	96.5269639492
2.9670311345	96.6016039848
2.865107615	96.7507688999
2.86170502677	96.8661980629
2.82681844735	96.9323248863
2.86375743176	97.009458065
2.83211319887	97.0959780216
2.86028118665	97.1554780006
2.81155139039	97.2672109604
2.80681156771	97.332118988
2.78454531537	97.4315629005
2.74877093479	97.526968956
2.73090432507	97.5917050838
2.60336350047	97.6717460155
2.69319534668	97.7425079346
2.65553124942	97.8227329254
2.65403127029	97.9343578815
2.70437945288	98.0250198841
2.69924040241	98.1058049202
2.70977171532	98.1840219498
2.61557916475	98.420429945
2.66299627714	98.5749120712
2.67303941856	98.8500790596
2.77516822106	98.9446249008
2.68142626532	99.0678529739
2.60196830032	99.2137598991
2.51736117616	99.316202879
2.54095408499	99.453608036
2.60275318651	99.6227059364
2.60109778659	99.7110280991
2.56876071146	99.814248085
2.56242428086	99.9012229443
2.6862208891	100.022293091
2.76667012487	100.108422995
2.76057760026	100.203600883
2.74474190727	100.3010571
2.78084655601	100.486785889
2.84664462977	100.674984932
2.8468268894	100.774313927
2.97795083542	100.868026018
2.97727333289	100.939234972
2.99225178691	101.014652014
3.01118893142	101.095450878
3.00506916152	101.148766041
2.96742169825	101.220829964
2.88277468019	101.297837973
2.69836571244	101.380630016
2.60811514297	101.476427078
2.5593619395	101.551311016
2.52617839246	101.666213989
2.53628358924	101.800631046
2.50596321296	101.880616903
2.48807231762	101.98201108
2.44246905769	102.059020996
2.46218486393	102.22586894
2.43983828882	102.409450054
2.42734389692	102.469698906
2.44101287772	102.540453911
2.44243497193	102.641175032
2.4403988021	102.7256639
2.42023714395	102.789695978
2.42053655403	102.835465908
2.40894810066	102.945196867
2.40973867361	103.019351959
2.36794520254	103.066987991
2.31208354378	103.163053989
2.2961453748	103.294033051
2.27184499927	103.441014051
2.25519700952	103.517759085
2.24372891778	103.607568979
2.26720510792	103.752929926
2.33401538892	103.833858013
2.28249346513	103.944895029
2.28359577215	104.022648096
2.25214809203	104.11290288
2.27263549955	104.203458071
2.25523788043	104.281008005
2.24436878007	104.356877089
2.24062872176	104.427430868
2.23033727605	104.486057997
2.26421725406	104.671762943
2.25851955651	104.788280964
2.28231351711	104.872886896
2.2753018173	105.007306099
2.31585018019	105.122230053
2.34047051575	105.203499079
2.28051563704	105.279226065
2.27344684644	105.350826979
2.26912262164	105.498334885
2.25998761697	105.604836941
2.24840194171	105.680583
2.2392080876	105.735913992
2.21540143594	105.809827089
2.19973678547	105.857568026
2.19706640103	105.945844889
2.20503182162	106.037865877
2.21385762387	106.132271051
2.19432300822	106.220362902
2.20307581578	106.28192091
2.183648343	106.358989
2.16424843493	106.457649946
2.17072864146	106.552099943
2.17746931322	106.64168787
2.10880264822	106.762125015
2.11620493029	106.876061916
2.10586289855	106.970383883
2.05619532985	107.064011097
2.06937903319	107.15476203
2.0916567603	107.244509935
2.10046868156	107.374554873
2.12112044759	107.476121902
2.12460584147	107.56114006
2.18205389039	107.647037983
2.19016157573	107.731165886
2.20347727795	107.777353048
2.22630892006	107.852823973
2.22952585477	107.912833929
2.21530605063	107.983572006
2.22943593854	108.097430944
2.26474536571	108.203852892
2.27249474504	108.278346062
2.27432296989	108.337182045
2.26376542096	108.409885883
2.27299395179	108.489979029
2.25816796856	108.560673952
2.25522392357	108.665307045
2.23966262267	108.847084045
2.24846094741	109.055343866
2.25710448032	109.329262018
2.22196054377	109.601831913
2.23614728671	109.709587097
2.07318428774	109.773511887
2.1161695667	109.889153957
2.12060508953	109.989890099
2.14108515754	110.063337088
2.06724818279	110.157979965
2.0838640791	110.29962492
2.08929244011	110.409040928
2.11896109028	110.576843977
2.16286400948	110.725317955
2.13495235054	110.831871033
2.12349433528	110.927573919
2.10465587757	111.012331963
2.07495867595	111.099030972
2.09059497831	111.21499896
2.09542401896	111.261713028
2.07922688834	111.339199066
2.08293804916	111.573915958
2.0857989005	111.638782024
2.07601517225	111.727811098
2.08045670261	111.83861804
2.15379694258	111.916425943
2.16128076701	112.016249895
2.16024599259	112.078994036
2.14335119045	112.151166916
2.085426413	112.225885868
2.07747689144	112.310098886
2.1664899522	112.412079096
2.14376100269	112.512959003
2.12782674928	112.623651028
2.13052238267	112.710686922
2.08788191424	112.78174305
2.10544132167	112.881073952
2.11710880542	112.979544878
2.089905114	113.045247078
2.09989365807	113.103700876
2.10148090024	113.196793079
2.10546573283	113.299695015
2.13305676425	113.387291908
2.14219383549	113.469568968
2.12492445432	113.555937052
2.11253483327	113.633547068
2.11990262809	113.736018896
2.1281268517	113.791888952
2.04387960497	113.837574959
2.03138228076	113.910588026
2.02507845378	113.979007959
2.05214542439	114.084116936
2.01525901109	114.169753075
2.02605385027	114.260931015
2.01844108071	114.332036018
2.01435324209	114.488708973
2.01347439075	114.597616911
2.0147183418	114.714997053
2.00963219346	114.790904999
2.02700133056	114.866935015
2.02262137972	114.926148891
2.03318717729	114.982220888
2.03125362119	115.071621895
2.03419626765	115.161236048
2.05097239419	115.231534958
2.04228632671	115.311883926
2.04350242167	115.401143074
2.06276225143	115.493423939
2.06069537371	115.572345018
2.07083732769	115.620985031
2.02342765998	115.761326075
2.01947405969	115.865781069
2.0068533179	115.939446926
2.04091875931	116.014227867
2.03524173381	116.079586029
2.03779844518	116.20808506
2.03808739456	116.288285017
1.99061892917	116.370485067
1.99898994768	116.447921038
2.00412267563	116.519146919
2.00624821871	116.604857922
1.96273965126	116.713527918
1.9737640793	116.758846998
1.96772794108	116.807786942
1.97937629653	116.906234026
1.94494306946	116.957828999
1.96579704624	117.048584938
1.96159071428	117.131144047
2.03186950759	117.194374084
2.03275240218	117.288002014
2.0433214065	117.361679077
2.09529943762	117.457202911
2.10414542392	117.542273998
2.0655645854	117.63338995
2.03779362861	117.77878809
2.01998176549	117.921833038
2.04018739308	118.019877911
2.05049836753	118.157142878
2.11433045259	118.250051975
2.16300952417	118.329371929
2.16442508754	118.450553894
2.1468701498	118.54519701
2.13545390638	118.60668993
2.07304781985	118.672307968
2.01468521646	118.73963809
2.03751649443	118.84383893
2.03114657872	118.939899921
2.03758007475	119.148110867
2.02999025482	119.27203393
2.01683314178	119.428186893
2.0178734032	119.521410942
2.02938268292	119.641470909
2.06607851243	119.770819902
2.06946575276	119.840146065
2.11535402374	119.901545048
2.12027211406	120.046246052
2.12757854686	120.119427919
2.12686704502	120.230978966
2.14133693	120.341167927
2.13264049791	120.444056034
2.14108594874	120.525938988
2.09532796373	120.587069988
2.07233381983	120.651222944
2.07830076237	120.763102055
2.09844892879	120.851151943
2.05310256916	120.941112995
2.0751189039	121.030916929
2.12158471704	121.130481958
2.09955734894	121.209737062
2.09601999412	121.307081938
2.09428279386	121.377626896
2.10471884069	121.461143017
2.10724918382	121.555882931
2.05362957447	121.628019094
2.05283534773	121.72140789
2.03579147943	121.828523874
2.03419330735	121.892750978
2.11232280112	121.981342077
2.08761644854	122.073721886
2.07779629496	122.166954041
2.07951075495	122.252367973
2.1176390687	122.356024027
2.108021271	122.421196938
2.11219001673	122.482923985
2.11252010868	122.56061697
2.10704695571	122.661851883
2.11802681814	122.741335869
2.14986707875	122.815686941
2.14258511505	122.885318995
2.13938178466	122.933090925
2.11496912559	123.005332947
2.09846729959	123.123257875
2.05765235734	123.212199926
2.06164573241	123.280992985
2.06724384867	123.36012888
2.09355555278	123.458115101
2.08872518245	123.571732044
2.13898092679	123.684294939
2.14281437434	123.763240099
2.1314028023	123.836908102
2.07931347329	123.936487913
2.08663073001	124.018060923
2.09373421245	124.098319054
2.08225858795	124.222260952
2.09001710964	124.317534924
2.0993409259	124.384849072
2.12618492657	124.505740881
2.18992504865	124.601440907
2.15841588325	124.692728043
2.14166411313	124.738290071
2.14101979608	124.793310881
2.15873661436	124.88060689
2.15278449119	124.982923031
2.14101680971	125.045378923
2.15324789939	125.2118361
2.14605908646	125.262326956
2.15497845245	125.337980986
2.20970303674	125.433500051
2.19836430207	125.529821873
2.19448300388	125.619544029
2.18885602846	125.732834101
2.04954752329	125.791526079
2.02780998027	125.841206074
2.06258084598	125.925397873
2.07243288706	125.980561018
2.0903659609	126.059129
2.00028743892	126.153023958
2.00045621081	126.203146935
2.00730678913	126.305566072
2.00025483133	126.516768932
1.99646913362	126.679352999
2.00841233163	126.76781106
2.01164505982	126.855738878
2.02029715029	127.023283958
2.03108466012	127.099232912
2.03397875409	127.308099031
2.01669434725	127.606903076
2.0170585736	127.726299047
2.01774103443	127.802557945
2.03582784816	127.884708881
2.03966574912	127.972836018
2.0320428943	128.056052923
2.04194367346	128.159720898
2.00093545783	128.208935022
1.99791668976	128.29629302
2.01047066991	128.384052038
2.0186431448	128.459017992
2.0065483163	128.573435068
2.00362486143	128.644789934
1.98599484836	128.735579967
2.01159968884	128.821003914
2.01707468192	128.886952877
2.02930252028	128.975562096
2.02153999314	129.05092907
2.0380088538	129.211087942
2.04921779929	129.421629906
2.05007763848	129.615140915
2.04700944724	129.695425987
2.0587158367	129.79460907
2.06264591783	129.863837957
2.067685749	129.940036058
1.99840200293	129.999846935
1.9658558176	130.069269896
1.93742830164	130.16072607
2.01958974591	130.248605013
2.02375835911	130.31033206
2.02742731752	130.400376081
2.03333310583	130.460103035
1.984881323	130.528156042
1.97600171888	130.617734909
1.99510052066	130.715028048
1.993078074	130.812566996
1.99836634885	130.897883892
2.00396731641	130.978900909
1.99698365993	131.050883055
1.95499146843	131.1851511
1.96185085764	131.266149044
1.9413849406	131.336632013
1.9392521243	131.39567399
1.93439129703	131.46131587
1.93414851299	131.54559207
1.8944622617	131.648634911
1.92117684672	131.807830095
1.94314508347	131.920676947
1.92078212428	132.00139308
1.87865791612	132.113506079
1.92237970657	132.246021032
1.89001125195	132.332108974
1.89329888724	132.39881897
1.89527593304	132.468328953
1.89182765289	132.553145885
1.89558533998	132.622864008
1.8783586488	132.700664043
1.87836860395	132.812109947
1.88480150765	132.8641119
1.89157127313	132.95260787
1.8933040813	133.072243929
1.89274881442	133.15241003
1.85408118634	133.193757057
1.85704532471	133.283205986
1.90054802357	133.365091085
1.90791876751	133.422518969
1.91453626003	133.510415077
1.91278512301	133.568455935
1.95445992444	133.700394869
1.96516678321	133.819918871
1.9699801204	134.005310059
1.97824897624	134.13549304
1.91442074047	134.357791901
1.91385393437	134.456290007
1.91579050356	134.647620916
1.921324903	134.802219868
1.93929021038	134.946069002
1.93171126676	135.008773088
1.93138281139	135.090704918
1.92839184787	135.180429935
1.91776089253	135.317790985
1.91970454654	135.405970097
1.90136167317	135.472918034
1.89141776498	135.548878908
1.87486661034	135.617532015
1.87220453926	135.69817996
1.87239107221	135.770710945
1.8793671971	135.883765936
1.81729955551	135.972677946
1.81993255201	136.059938908
1.81645244211	136.119328976
1.80318315338	136.165816069
1.81864019512	136.237257004
1.81425062986	136.382411003
1.76560806472	136.462867022
1.76247293394	136.546561956
1.77346919425	136.615537882
1.77335838358	136.68603301
1.7702343726	136.770590067
1.77517528133	136.849616051
1.77440779732	136.946331978
1.76613625799	137.018764019
1.77109828765	137.087154865
1.77668915348	137.136871099
1.77597244382	137.194161892
1.76886275553	137.260159016
1.76445762308	137.322855949
1.7699847236	137.402026892
1.76228536743	137.759507895
1.75409881624	137.86340189
1.7365901003	137.924774885
1.7424433002	138.004247904
1.74379382114	138.169355869
1.73668707357	138.318352938
1.73382881882	138.498353004
1.7491820534	138.561693907
1.75035242777	138.636425018
1.75496217316	138.732477903
1.79482896605	138.784347057
1.81693585312	138.849075079
1.79679211539	138.916065931
1.75065084718	138.972852945
1.73041504638	139.033775091
1.72024225376	139.097259045
1.71765310676	139.152736902
1.74394417145	139.204169989
1.79172830704	139.298810959
1.77666159862	139.377074957
1.77955866823	139.430672884
1.80307597654	139.51697588
1.8056980486	139.617080927
1.80552312466	139.821877003
1.80700585811	140.01316309
1.83892020657	140.116152048
1.85608889888	140.184850931
1.93972758664	140.286252975
1.97324496142	140.373455048
1.955645705	140.422004938
1.95095800635	140.502836943
1.93339520374	140.562126875
1.93267426622	140.681278944
1.92564242209	140.752382994
1.92352884951	140.817085981
1.92713144605	140.871048927
1.9259067509	140.943701982
1.91030454374	141.008188009
1.87350104014	141.069876909
1.88004118261	141.151190996
1.87797829288	141.214691877
1.882931217	141.285238028
1.90797619937	141.431463003
1.93115556391	141.49750495
1.92169897511	141.553844929
1.92828219259	141.657202959
1.92826490117	141.742665052
1.91978711173	141.827578068
1.91322087159	141.942065001
1.90882000974	142.088322878
1.88631205113	142.190203905
1.86259808082	142.265919924
1.87055404917	142.386265039
1.87626271129	142.479038954
1.82258582365	142.550220013
1.81514590193	142.638204098
1.75767947393	142.727092028
1.74231069054	142.801110983
1.71199155985	142.853727102
1.72084338679	143.008449078
1.71670396869	143.076044083
1.710076197	143.172441959
1.70812716375	143.265762091
1.70850940038	143.366044044
1.70452547433	143.447755098
1.7186524467	143.633944035
1.71212775485	143.967531919
1.73619353657	144.163209915
1.73486956876	144.289686918
1.70935492583	144.440048933
1.72909583555	144.532119036
1.73333440544	144.637894869
1.74353963765	144.864835978
1.70120958865	144.957724094
1.67385291708	145.042358875
1.65407744129	145.158189058
1.67929378625	145.292066097
1.68583916983	145.365139008
1.69299528887	145.44510603
1.71972984272	145.520567894
1.70821253275	145.610118866
1.6877862126	145.824316025
1.67139284535	146.016733885
1.67411236288	146.096730947
1.68020424635	146.191370964
1.73673147031	146.286231995
1.73021116647	146.354337931
1.75184455351	146.511945009
1.75536612851	146.596186876
1.75751226212	146.687364101
1.75979607037	146.762257099
1.73355057098	146.818352938
1.73634565329	146.925086975
1.74008296107	147.027255058
1.72940436092	147.102298975
1.73285692256	147.154567957
1.70409019386	147.227429867
1.70670616866	147.299299002
1.70304645846	147.365073919
1.71166746779	147.42615509
1.71366905965	147.544358015
1.71887398575	147.638207912
1.70434255513	147.698693037
1.70070739062	147.752583981
1.70844344294	147.841295958
1.71797258629	147.90334487
1.67568942625	147.971164942
1.68777012031	148.077763081
1.67718408786	148.141367912
1.67685355125	148.197552919
1.65151651742	148.269490004
1.65991426086	148.35801506
1.65900433903	148.438459873
1.65672615667	148.521487951
1.64002654283	148.60106802
1.65299306026	148.689476013
1.67267561095	148.767854929
1.64107198675	148.839195013
1.63709371545	148.895838976
1.63692425794	148.982034922
1.64705862645	149.054615021
1.64823383444	149.135469913
1.64576308268	149.255337
1.62031252011	149.340336084
1.62073556136	149.412828922
1.61965876075	149.495395899
1.61561201119	149.576772928
1.59404784744	149.625221968
1.60611244347	149.723092079
1.59832843178	149.806129932
1.59875001498	149.864369869
1.6063776035	149.924393892
1.61178781504	149.999284029
1.61206211366	150.074194908
1.61151141137	150.155783892
1.62055084748	150.202899933
1.64843822539	150.2729671
1.65383844736	150.390675068
1.64429011362	150.437948942
1.64545159579	150.484694958
1.65927661574	150.564436913
1.64651456477	150.640302896
1.64836769953	150.75672102
1.65284847136	150.869055033
1.70513855739	150.957318068
1.69800326214	151.045037031
1.6999323668	151.121166945
1.70359116632	151.185370922
1.69511953837	151.246083975
1.69549206829	151.295125008
1.70591654154	151.407008886
1.75300361961	151.482723951
1.83524674756	151.576835871
1.81554372538	151.630650043
1.81247585966	151.716371059
1.84494265743	151.813401937
1.84080667234	151.890394926
1.84080217633	151.952414036
1.84076094249	152.040282965
1.83709984691	152.111598969
1.89245125877	152.197032928
1.89406539322	152.252178907
1.89089509342	152.37135601
1.88819863848	152.459157944
1.89067614362	152.563179016
1.88537069088	152.637255907
1.87824609271	152.726912975
1.87663035264	152.818351984
1.87725724854	152.896178961
1.91235294519	152.957858086
1.84095894049	153.01574707
1.82849674319	153.104641914
1.84167456532	153.192023993
1.87091535588	153.247622013
1.88578340097	153.329931974
1.86181477094	153.391565084
1.87060467712	153.472694874
1.86656698423	153.550049067
1.86802739428	153.62531209
1.86819082485	153.687747955
1.86495382789	153.726639032
1.78907198368	153.790241003
1.79121853081	153.875166893
1.84338363517	153.989012003
1.83259845783	154.075313091
1.81675733373	154.152185917
1.80808666916	154.230551004
1.82264268723	154.290952921
1.76204033329	154.366411924
1.75043872042	154.414288044
1.7487538257	154.513921022
1.71177411481	154.583256006
1.72596225271	154.632332087
1.72052390623	154.691411018
1.7603544962	154.77047801
1.76561393624	154.83445406
1.76590927403	154.900471926
1.7646925771	154.965000868
1.77771341532	155.045414925
1.8040241869	155.123388052
1.81035087478	155.195031881
1.81599842642	155.26128006
1.82520814016	155.324229956
1.827881261	155.418405056
1.82653623195	155.592643023
1.83042244352	155.669192076
1.82119500331	155.719635963
1.80073525159	155.781559944
1.79621886552	155.853374004
1.7952843174	155.897111893
1.78958591945	155.992067099
1.79405281113	156.060678959
1.78755954404	156.129930973
1.81576308601	156.197082996
1.82621948872	156.277544975
1.84851332728	156.345938921
1.80541479057	156.412221909
1.79892503104	156.516108036
1.73402518885	156.58574295
1.75030313066	156.739777088
1.7400796773	156.800364017
1.75481416513	156.893369913
1.79720646769	157.010415077
1.79710469899	157.077538967
1.79031764219	157.153449059
1.79081941075	157.268518925
1.79081119787	157.353774071
1.79019185667	157.412628889
1.78542494851	157.463131905
1.78514397688	157.542030096
1.80675405437	157.595854044
1.79267768108	157.641836882
1.7919229364	157.74927187
1.79311942213	157.818243027
1.79434026874	157.876116991
1.80613078439	157.938420057
1.80513403788	158.017041922
1.82142852766	158.098551035
1.82608312034	158.173024893
1.86148978068	158.262063026
1.84809134103	158.350182056
1.86469229753	158.437397957
1.87294662193	158.508791924
1.86454928583	158.571702003
1.8702662859	158.652055025
1.87274774704	158.748727083
1.79391469078	158.803282022
1.74222163375	158.876460075
1.75835267054	158.956827879
1.74875206124	159.070744038
1.74580093535	159.120275021
1.73375018965	159.191772938
1.73113830002	159.260093927
1.69977301898	159.351475954
1.70969549848	159.426981926
1.71306959885	159.511489868
1.72913639626	159.584995985
1.68445702767	159.642431021
1.67996384379	159.759018898
1.68557880736	159.837624073
1.67648461523	159.904505968
1.69971092148	160.047234058
1.70225708765	160.13360095
1.70392901475	160.20162797
1.70662562261	160.253645897
1.70271394277	160.327365875
1.69157420683	160.384857893
1.69496195908	160.446934938
1.70229514192	160.519659996
1.70349101513	160.568252087
1.69815406347	160.634196043
1.70833593466	160.68375802
1.66730558825	160.801265955
1.67282756969	160.882092953
1.68912971137	160.967720032
1.68806739251	161.035970926
1.6840288134	161.088778973
1.67634461463	161.147366047
1.64668021882	161.191117048
1.64815999936	161.259916067
1.6354108436	161.328193903
1.6377878167	161.395725965
1.64398278236	161.472393036
1.66385103874	161.570308924
1.66071253436	161.650645018
1.65641117805	161.724425077
1.6534185873	161.797513008
1.63588770764	161.883465052
1.63046370319	161.942483902
1.61540501197	162.00078702
1.61656389898	162.069787979
1.60237224574	162.139492989
1.60029147985	162.204895973
1.59368463723	162.254128933
1.59894967719	162.338114023
1.60171547247	162.392939091
1.6056645227	162.484097958
1.60412950812	162.530961037
1.59344500874	162.601816893
1.59073513696	162.650479078
1.55826299777	162.717293978
1.56093153527	162.809308052
1.55907327247	162.884552002
1.57271259044	163.054491043
1.57317204033	163.142056942
1.56458611843	163.204849958
1.55686317557	163.280023098
1.53932568866	163.357434034
1.5550876317	163.443516016
1.59860285537	163.520665884
1.59898419932	163.595027924
1.60251468695	163.658394098
1.60013964134	163.725378036
1.60385550875	163.807496071
1.59927132711	163.897160053
1.55736159373	163.982306957
1.53742915056	164.065540075
1.50267445894	164.151410103
1.49883143532	164.201572895
1.54983902046	164.308887959
1.5596013469	164.380698919
1.55766334953	164.461613894
1.57199043276	164.559913874
1.53812556388	164.649399042
1.53951796203	164.698435068
1.53751576756	164.762644053
1.53727898369	164.828384876
1.53449013393	164.911333084
1.5185528615	164.961863041
1.51928999821	165.06449008
1.5155227313	165.18621707
1.51268501253	165.259950876
1.51099656425	165.34483099
1.51277685809	165.433842897
1.50104853543	165.493963003
1.50349178491	165.583419085
1.49669091188	165.664552927
1.50300058099	165.72950387
1.50126750022	165.788404942
1.5028922385	165.888698101
1.50647545653	165.988947868
1.51984154714	166.156873941
1.52174722038	166.223984957
1.52287442945	166.282588959
1.53165978598	166.3565979
1.54205678155	166.437141895
1.53881059475	166.529865026
1.55753088989	166.58986187
1.54849836105	166.682038069
1.53623039038	166.742318869
1.54646845731	166.837789059
1.53375150248	166.899703026
1.53225713788	166.965851068
1.53261914953	167.069468021
1.54163992297	167.169050932
1.54253588314	167.243200064
1.54427947847	167.411355019
1.56459340314	167.63010788
1.56756505338	167.776798964
1.58077048627	167.864916086
1.56246684271	167.926277876
1.57109188591	167.987776041
1.56576238337	168.09364295
1.54694914691	168.189780951
1.57740339502	168.314868927
1.55197825542	168.36887002
1.54329594712	168.461802006
1.54887980026	168.555336952
1.54111867561	168.620354891
1.53547082145	168.667665958
1.53507196522	168.789324045
1.53499586449	168.930548906
1.57062411065	169.090596914
1.57411342226	169.224683046
1.56928125712	169.382953882
1.55965680414	169.522896051
1.56226150811	169.611458063
1.55748699506	169.752487898
1.55666189711	169.840024948
1.55351728264	169.886594057
1.53619173971	169.951045036
1.53481498155	169.99710989
1.55085300517	170.086472988
1.54241005522	170.152270079
1.5440745379	170.21875596
1.55000596399	170.333365917
1.55022845058	170.494967937
1.54520721176	170.66414094
1.5480825474	170.778372049
1.56176372405	170.976706028
1.56525282123	171.093400955
1.59687175249	171.280200958
1.61214059736	171.448110104
1.61010367511	171.654908895
1.62860533112	171.8196311
1.62742903601	171.965797901
1.62792562124	172.086608887
1.63000894114	172.192755938
1.6268118219	172.262515068
1.64975976554	172.357557058
1.64426336628	172.429387093
1.64851200025	172.543755054
1.64909221751	172.631727934
1.69167253141	172.707735062
1.68759231023	172.788882017
1.69159195517	172.872193098
1.72356411861	172.97132206
1.73017635834	173.061049938
1.71333374608	173.305351973
1.71757111338	173.438076019
1.72791598142	173.533195019
1.72244556014	173.650005102
1.72558934594	173.769876003
1.72781218192	173.841659069
1.73107138938	173.92718792
1.726631673	174.011332989
1.73801574521	174.095468044
1.73871127518	174.182846069
1.74278411159	174.278241873
1.74469007065	174.321034908
1.74677035504	174.40840292
1.7480009572	174.463182926
1.7476827724	174.523853064
1.7474912954	174.621862888
1.74741631471	174.903228998
1.74743445438	175.031599998
1.74772687196	175.119055033
1.74805513864	175.199874878
1.74860865742	175.32050395
1.74906524316	175.415009022
1.74873698615	175.473803043
1.74846552821	175.57385993
1.74827049865	175.632286072
1.74803927507	175.761146069
1.74784759124	175.978580952
1.7476960236	176.083748102
1.74780593726	176.217041969
1.74789482936	176.40042305
1.74775832337	176.455673933
1.74761182373	176.530960083
1.74761705263	176.610989094
1.74749178549	176.664674044
1.74737382038	176.740657091
1.74726463207	176.81784296
1.74672768568	176.879199982
1.74610987662	176.977833033
1.74561372234	177.055603981
1.74521977759	177.174092054
1.74486523613	177.256495953
1.74457080186	177.352539062
1.74426410775	177.588258982
1.74399977534	177.71040988
1.74377580412	177.833473921
1.74357848072	177.934048891
1.7432180042	178.073597908
1.74302044377	178.166627884
1.74264059168	178.235413074
1.74227607317	178.295953035
1.74181733533	178.37744689
1.74139685348	178.447825909
1.74087227233	178.514533997
1.7403562451	178.606021881
1.73984629395	178.673664093
1.73933685245	178.723644972
1.73874578336	178.832231045
1.73815469537	178.959719896
1.73760183385	179.134366989
1.73696861846	179.286882877
1.7363204644	179.470817089
1.73566119368	179.61774087
1.73497961478	179.697755098
1.73436965753	179.853107929
1.73375010043	179.92751503
1.73315133917	180.018017054
1.73254948499	180.18810606
1.73196902308	180.490647078
1.73140649884	180.615581036
1.73087108388	180.841213942
1.73025608165	180.902677059
1.72965990668	180.988959074
1.72910176412	181.108536959
1.72856407301	181.253191948
1.72813206698	181.404762983
1.72768544129	181.466361046
1.72723011897	181.529537916
1.72677578831	181.610893011
1.72633072441	181.691627026
1.7259003226	181.805902004
1.72554389864	181.947392941
1.72517972553	182.012202024
1.72489789214	182.10005188
1.7246258249	182.204437971
1.72433058777	182.301279068
1.7240212441	182.389709949
1.7237227673	182.460290909
1.72339662793	182.527987957
1.72305901673	182.631983995
1.72274186699	182.71677804
1.72238003021	182.807431936
1.72203206769	182.978009939
1.72171659539	183.057240963
1.7213918973	183.159626961
1.72107156576	183.250175953
1.72076945383	183.326509953
1.72048499574	183.485819101
1.72023264608	183.629781008
1.71997599346	183.771322966
1.71961296033	183.87301302
1.71919386831	183.993535995
1.71876040766	184.08279109
1.71832994935	184.166558981
1.71790266117	184.228035927
1.71747063327	184.278831005
1.71707135262	184.349699974
1.71668213129	184.422066927
1.71625539767	184.492381096
1.71584372977	184.595933914
1.71543525387	184.672914982
1.71502660684	184.748090982
1.71472288881	184.820455074
1.71442231963	184.969623089
1.71412944874	185.090539932
1.71384230659	185.233570099
1.71355328751	185.327260017
1.71325718256	185.435992956
1.71297260618	185.567924023
1.71271003649	185.644906044
1.71246515306	185.737206936
1.71214918297	185.799885035
1.71183476537	185.84889698
1.71154052527	185.938719988
1.71129966057	186.020317078
1.71106115675	186.094304085
1.71082597496	186.175880909
1.71062095273	186.264797926
1.71043058489	186.336199999
1.71022646066	186.407522917
1.71002020455	186.472424984
1.70992916579	186.565732956
1.7098308545	186.634444952
1.70973072707	186.698594093
1.70962730345	186.893805027
1.70953549098	187.016392946
1.70950754488	187.109055996
1.70948339316	187.187869072
1.70945403346	187.259936094
1.70945188566	187.378733873
1.70936145235	187.483432055
1.70927497886	187.557559967
1.7091873974	187.625091076
1.70906442507	187.712730885
1.70894083656	187.814759016
1.70883055485	187.891309023
1.70872372678	187.962070942
1.70862429201	188.032672882
1.70852754472	188.10226202
1.70843054902	188.213944912
1.70833578152	188.40892005
1.70825765101	188.505172014
1.70817460627	188.681087971
1.70809646153	188.900891066
1.70801814314	189.036835909
1.70793419753	189.187937975
1.70783958688	189.274590015
1.70774414395	189.557648897
1.70761068876	189.788999081
1.70747509609	189.96528101
1.70734357443	190.081573963
1.70721464645	190.166404009
1.70708715655	190.264512062
1.70695319049	190.354975939
1.70683151628	190.490310907
1.70672549998	190.57249403
1.70660358517	190.622150898
1.70648451485	190.691776037
1.70637177138	190.755722046
1.70628016395	190.82604599
1.70618802145	190.898346901
1.70608776105	190.972476959
1.70594843314	191.032618046
1.70580577728	191.175008059
1.70567153521	191.24197197
1.705536264	191.359042883
1.70537642146	191.451191902
1.7052185255	191.531229973
1.70505642186	191.610985041
1.70489395996	191.68965888
1.70474751562	191.790279865
1.70467204159	192.106811047
1.70459623568	192.200926065
1.7045373365	192.292690039
1.7045088823	192.40068388
1.7044832315	192.459583044
1.70445690585	192.515784979
1.70443370615	192.592937946
1.70439198766	192.663513899
1.70434992032	192.724535942
1.70431813072	192.814322948
1.70427625471	192.900834084
1.70425481548	192.995517969
1.70421540355	193.080331087
1.70417149301	193.212347031
1.70412793918	193.252305031
1.70398506185	193.31099987
1.70387576458	193.38122201
1.70377835209	193.43919301
1.70370093986	193.498514891
