5.37358701966	0.171813964844
5.1909244682	0.385563850403
5.38667635183	0.512249946594
5.26933714523	0.770262002945
5.30947870836	1.0354950428
5.39323918844	1.1600689888
5.5458361145	1.28724098206
5.3804071563	1.43304991722
5.39412599231	1.55416893959
5.20920031585	1.75686192513
4.93871220213	1.98502588272
4.96276417314	2.1881210804
4.99679073759	2.38241004944
4.79564950145	2.57449698448
4.57356808836	2.89368486404
4.43432384708	3.1230070591
4.35591076352	3.34729886055
4.45023186416	3.56725907326
4.56366089025	3.77911806107
4.42390969735	4.09377884865
4.35226175092	4.35276699066
4.64192421055	4.54425191879
4.46490454596	4.74922895432
4.42625635062	4.92808103561
4.19279027556	5.13056302071
4.14791931645	5.43749094009
4.08841603758	5.86612796783
4.05494123229	6.49556803703
4.11341250446	7.00498390198
4.16391370938	7.26229691505
4.19016791819	7.41421890259
4.12955790548	7.6818010807
4.07124189081	7.90905690193
4.27213060717	8.10144686699
4.07626700542	8.34757304192
4.18981551545	8.50955986977
4.16375543041	8.68778586388
4.25885867201	8.84364295006
4.15582546197	9.03817296028
3.89782453302	9.19212007523
3.96312863735	9.41081690788
3.94199228541	9.5526599884
3.97837153876	9.75632786751
3.95972343529	10.0086810589
4.08912610204	10.1642270088
4.14537152545	10.3552649021
4.21561814996	10.5498189926
4.27854821694	10.7574748993
3.90145867463	10.9465699196
4.00371783323	11.0540859699
3.98747215672	11.1921288967
3.82352230405	11.407943964
3.65990513184	11.8184330463
3.47979274961	12.1482610703
3.52559425815	12.2455999851
3.44320769986	12.3920249939
3.40082177231	12.5916829109
3.29928309717	12.7997908592
3.38270448343	12.9743728638
3.38557191944	13.1647520065
3.32909070414	13.2731518745
3.30348268074	13.5454308987
3.38671330885	13.7134108543
3.37088312906	13.842815876
3.34785470085	14.0094690323
3.27925701204	14.2014560699
3.31069599023	14.3814549446
3.21933511623	14.6090068817
3.21209858717	14.8060190678
3.22007124243	14.910875082
3.21305257396	15.1228220463
3.23684717782	15.2462320328
3.22646222077	15.4000179768
3.28970404654	15.6277599335
3.3385690201	15.860970974
3.36361002279	15.9636199474
3.40512653345	16.0956850052
3.46177478074	16.309664011
3.46783058846	16.4902179241
3.39330585899	16.7233018875
3.46167597338	16.9633319378
3.61948705497	17.171710968
3.61116217066	17.4104149342
3.51442775426	17.6067678928
3.44696676605	17.8075659275
3.42552954121	17.957201004
3.47651242459	18.1074938774
3.57510323631	18.2493619919
3.70147947583	18.4322988987
3.64664220075	18.6439669132
3.6225517373	18.9853730202
3.49642030689	19.1698379517
3.37052392312	19.4114818573
3.41233277838	19.6069560051
3.33072365731	19.9276678562
3.28169804426	20.7743160725
3.31181705179	21.1713199615
3.19328436863	21.4201948643
3.14407625798	21.5464780331
3.07642597333	21.8810379505
3.03001622859	22.0439989567
3.04864233816	22.2033469677
3.1374762155	22.3901998997
3.01089957168	22.6460359097
3.05924924465	22.8352499008
3.10338156422	23.1001560688
3.10959546412	23.4426410198
3.09858101421	23.6207480431
3.03042181349	23.7916140556
2.99703407922	23.9926879406
2.96860222192	24.3064758778
3.00336341109	24.5323228836
2.943964927	24.8325178623
2.9839629305	24.980962038
3.03101118677	25.1497449875
3.05542770247	25.4592618942
3.01811038014	25.6432309151
3.06396802698	25.7716140747
3.00567170176	25.959980011
3.10112440146	26.0687818527
3.07262827901	26.2578070164
3.04966315456	26.5008890629
3.02564841148	26.7441730499
3.03388790253	27.0406010151
3.10359776117	27.1658260822
3.24127471696	27.4873929024
3.29822120593	27.7842750549
3.3636924946	28.0025579929
3.36967909975	28.2710878849
3.36393469174	28.4121890068
3.48876216863	28.6530098915
3.50107386861	28.8682150841
3.56126250189	29.0551478863
3.58886990221	29.2636518478
3.58371789743	29.4195790291
3.57052698382	29.5987570286
3.59556656712	29.8120129108
3.60360746105	30.0182430744
3.68688822161	30.2026619911
3.7444294814	30.3974618912
3.71521321911	30.6195139885
3.56230955749	30.8801689148
3.53207983424	31.0134320259
3.46816036986	31.2990159988
3.46425327575	31.5004918575
3.44019368167	31.7458188534
3.43981505102	32.0024600029
3.55142395883	32.1669108868
3.64970929895	32.394258976
3.5069423063	32.5295770168
3.51318879135	32.7406089306
3.55011474411	32.872964859
3.57794137652	33.0376849174
3.51269727325	33.2445590496
3.47427466424	33.5050079823
3.41679742222	33.7998790741
3.38289934178	33.9758388996
3.35105761875	34.1311559677
3.36355421061	34.3859479427
3.18287662858	34.6208930016
3.10364551221	34.8210380077
3.00844359848	34.9573528767
2.95223338553	35.0949449539
3.01094284109	35.3407700062
3.0477365197	35.5465989113
3.05320168682	35.8092250824
3.04394569512	35.9779610634
2.97160599887	36.2209050655
2.92874047665	36.4390618801
2.84029116907	36.702051878
2.81689820083	36.9281659126
2.83265854754	37.0739560127
2.94591114953	37.2040798664
2.83779981458	37.4033169746
2.91253993289	37.5402140617
2.84897775742	37.7996530533
2.86311613348	37.9588840008
2.82222331585	38.1355609894
2.8018872891	38.2847518921
2.84102653345	38.4980690479
2.88572223811	38.706651926
2.84492385587	38.8501398563
2.7993178125	38.9945440292
2.74183858896	39.1003520489
2.66384405859	39.2738718987
2.68798119949	39.4953000546
2.64788169947	39.7159929276
2.64239387619	39.9066960812
2.5892667418	40.1249039173
2.57249120249	40.2868080139
2.55765805514	40.4883730412
2.57285677696	40.6324648857
2.64237535362	40.8087990284
2.605395769	40.9561989307
2.73373910647	41.1160640717
2.70183956719	41.2948229313
2.6542717996	41.4701678753
2.5768944218	41.700428009
2.62853277652	41.8618450165
2.70874062895	42.0856480598
2.68714830771	42.3140769005
2.60596012195	42.4761869907
2.61232181971	42.6109478474
2.577813576	42.7822608948
2.59836222606	43.0179929733
2.6577979369	43.2881989479
2.62998471287	43.5129680634
2.68206024029	43.8012030125
2.68655284916	43.9392330647
2.68353225476	44.1912498474
2.68707113657	44.3694880009
2.64905166623	44.5870969296
2.64482491641	44.7856600285
2.69645440682	44.9863350391
2.72194470508	45.2526340485
2.76159964391	45.4043600559
2.77229745233	45.5040340424
2.88037070765	45.7080209255
2.95426773357	45.8455319405
2.87436981263	46.0618059635
3.06930156559	46.3528790474
2.99762809837	46.6070518494
3.03766213975	46.7828090191
3.07870981463	46.9226579666
2.98795525068	47.0891070366
3.08228204064	47.323210001
2.81616089416	47.5188970566
2.78544106169	47.6898958683
2.84202585951	47.8373539448
2.94578454891	47.9712409973
2.97306514622	48.2029030323
2.81097146831	48.3849329948
2.89461449768	48.5960760117
2.96738414724	48.808273077
2.93481449152	49.0354959965
2.98098728926	49.2690298557
3.0250848363	49.5169019699
3.1158036343	49.7994689941
3.08226871149	49.9754109383
3.11791252448	50.229820013
3.22040942425	50.4291908741
2.95117621512	50.6208729744
2.88665286479	50.8141958714
2.97936605481	50.9846220016
3.00273649835	51.1477458477
3.10472693973	51.3346178532
3.13435196731	51.4788269997
3.01033328461	51.6765339375
2.92461290448	51.9093689919
3.01241669623	52.116328001
2.87918314608	52.3599638939
2.86687579383	52.5689609051
2.84081134125	52.7533130646
2.79665709205	52.9364049435
2.88343284612	53.0712549686
2.974498372	53.2725849152
2.70504634549	53.472424984
2.70095333945	53.6922578812
2.86850127341	53.924726963
2.78004744419	54.1394350529
2.75448670431	54.273763895
2.75756199482	54.5108029842
2.89417232197	54.6997408867
2.83657509621	54.8410949707
3.11678446143	55.0204570293
3.14914791966	55.2084949017
3.07382497911	55.343752861
3.05014316099	55.5693149567
3.11212300864	55.69449687
3.0619096389	55.8613929749
3.03282006955	56.0338990688
3.29664719047	56.169367075
3.24941042336	56.3785128593
3.23397925634	56.535834074
3.08846925632	56.7856030464
3.19142763355	56.9552659988
3.15949340615	57.1157660484
3.17169274034	57.2609770298
3.21557780318	57.516974926
3.2375945688	57.7613358498
3.1975469705	57.9781579971
3.21885123528	58.1773369312
3.25645829603	58.3866648674
3.05111773163	58.5459680557
2.8977144546	58.7912969589
2.88995160241	59.0271089077
2.89539099044	59.1274690628
2.94420027519	59.3073148727
2.87839322459	59.4737570286
3.12351661714	59.6708278656
2.79489147267	59.855342865
2.74551055557	60.141051054
2.70602902488	60.3384099007
2.70431312145	60.4892389774
2.68911700103	60.7037360668
2.70759975269	60.8547389507
2.82770878358	61.0656578541
2.80957999071	61.242166996
2.865341955	61.4123470783
2.64743709676	61.5666909218
2.66858833503	61.7441830635
2.76375569499	61.9088180065
2.8595504823	62.1127369404
2.84116590133	62.2758860588
2.80983683398	62.5033810139
2.78947445284	62.7181479931
2.7261075617	62.91502285
2.66215255495	63.1093709469
2.5206111928	63.3121030331
2.52622856947	63.4844338894
2.58204021896	63.7013719082
2.5873303616	63.8872900009
2.58417699988	64.1641910076
2.6924285239	64.3627700806
2.72919350942	64.6096639633
2.72653402296	64.7448270321
2.76148202194	64.9384088516
2.7777340329	65.0850169659
2.73264181588	65.3669080734
2.7556114419	65.5249578953
2.72770911468	65.7196629047
2.70289274551	65.856222868
2.71569991062	65.9817428589
2.66140791768	66.2160549164
2.65016289981	66.4044809341
2.70797912587	66.5738430023
2.65778773542	66.7557449341
2.67402241208	66.9120159149
2.6880447161	67.2205610275
2.66406176804	67.4200980663
2.75890708879	67.659430027
2.70820064136	67.8964378834
2.78119171397	68.1118688583
2.71987737773	68.3197450638
2.67629088893	68.5503079891
2.58092815315	68.7057509422
2.60685814406	68.9116148949
2.64269149779	69.109359026
2.64108267425	69.3087160587
2.77361724452	69.6406700611
2.6415812361	69.8807280064
2.56066702706	70.1275858879
2.49260201764	70.282047987
2.48360410629	70.5174949169
2.47096271217	70.7126779556
2.4343969298	70.9394240379
2.46104721895	71.0966079235
2.53867121902	71.3173949718
2.54062456087	71.5247449875
2.44664100441	71.6798300743
2.41856168719	71.8233809471
2.43493159808	71.9795720577
2.37289314031	72.1306638718
2.34470897118	72.2596950531
2.28786520697	72.4631850719
2.26600181521	72.690625906
2.24731179882	72.799890995
2.25174587344	72.9667818546
2.2304631046	73.076761961
2.22941987036	73.2550280094
2.18032857519	73.4587378502
2.13428729141	73.6751229763
2.1459054461	73.804017067
2.13555851256	73.9022018909
2.06324150188	74.1377930641
2.08946638486	74.287375927
2.05702588748	74.5429930687
1.99655791655	74.7171878815
2.0458912681	74.866699934
2.09957421388	75.1122620106
2.09916643748	75.3743970394
2.07681256135	75.6145999432
2.05774438715	75.8184790611
2.12139795248	75.9902820587
2.08492085458	76.1833879948
2.08665732682	76.3188250065
2.12168234441	76.466490984
2.11388143671	76.6354119778
2.12041948125	76.803992033
2.11652098171	76.98792696
2.09008266954	77.161290884
2.14825911781	77.4071080685
2.16362030145	77.5734829903
2.16142943678	77.6688230038
2.05282129558	77.8396830559
2.02367944193	78.0505170822
2.06156370733	78.1828770638
2.06076405248	78.4231579304
2.08853651397	78.5769400597
2.12735014102	78.7273859978
2.0802089535	78.9353919029
2.18195233826	79.0678908825
2.20360601376	79.1833820343
2.15084252287	79.4078218937
2.29236507957	79.5413849354
2.21172106103	79.7021780014
2.12020968391	79.9357089996
2.16920243226	80.0860979557
2.23383617478	80.3041989803
2.14713336773	80.4499890804
2.16192409794	80.6229009628
2.20270174417	80.7797489166
2.28291746327	80.9208779335
2.272410204	81.0759649277
2.22417570192	81.2230658531
2.18641761721	81.5019130707
2.17041964218	81.7296969891
2.16451445988	81.9981739521
2.17139581143	82.2270429134
2.29355882259	82.3682909012
2.25275000714	82.4933390617
2.27970598222	82.6868698597
2.16090834169	82.9154689312
2.07273379022	83.1315319538
2.15159531307	83.301377058
2.18780174808	83.4523248672
2.04877183342	83.727478981
2.08187868688	84.0317759514
2.04464453191	84.2205488682
2.02571840029	84.4436299801
1.99578917173	84.6550779343
1.98601141986	84.8799350262
2.00210429707	85.1289389133
1.97875990733	85.3817648888
1.95326588611	85.5968439579
1.95007745857	85.7744660378
1.87155609915	85.9215209484
1.8933124205	86.0689640045
1.90564795103	86.2304458618
1.97850751446	86.4048428535
2.04988945385	86.6272659302
2.0192615733	86.7540109158
2.08823138131	87.0029609203
1.9835130629	87.4392180443
1.96712152188	87.5487399101
1.91835436729	87.6519649029
1.95779337338	87.8621339798
1.86280736244	88.2158060074
1.85740927142	88.6460690498
1.82749051198	89.0648288727
1.84588705739	89.4544689655
1.89071865627	89.7052099705
1.92481786566	89.8526749611
1.92413510175	90.005895853
1.82535100436	90.2414560318
1.82127632231	90.3803079128
1.99429677998	90.6400139332
1.84435788474	90.7768280506
1.79887733693	90.961452961
1.79001251935	91.1549990177
1.78972519053	91.3734989166
1.87393763444	91.570884943
1.97193156037	91.7608718872
1.8555487475	91.9576308727
1.86742209073	92.1064109802
1.94683251792	92.2047839165
2.00232551321	92.4415719509
1.78895742645	92.6140260696
1.83608083374	92.8747038841
1.78174217027	93.0247089863
1.82851420385	93.1670908928
1.83337027996	93.3618409634
1.71518949211	93.5570240021
1.77198807443	93.7424499989
1.80672216602	93.9071109295
1.74073751966	94.0883729458
1.74073527561	94.2962749004
1.76226666082	94.5492329597
1.75933688071	94.7159750462
1.74572125324	94.9019160271
1.73736444963	95.1376850605
1.76302146214	95.2891449928
1.8041226587	95.4499840736
1.78825169726	95.6557729244
1.74673234374	95.8433270454
1.77344912384	96.0500099659
1.8580176708	96.2029938698
1.85732269812	96.3553459644
1.89291660837	96.4971809387
1.86715690444	96.7411289215
1.90358104991	96.9217329025
1.80860145864	97.0675890446
1.91614765716	97.3079509735
1.85365234297	97.551060915
1.82307705805	97.8026309013
1.88144718628	98.0504789352
1.8366430602	98.4169008732
1.82438799092	98.6951069832
1.83467754441	98.9583060741
1.83778647686	99.1345040798
1.83519356195	99.4003050327
1.77768199725	99.6140589714
1.80039896868	99.898321867
1.78774723849	100.099180937
1.76734394411	100.226690054
1.79787133773	100.388891935
1.80362457005	100.532742023
1.74079655717	100.679045916
1.72443993202	100.907054901
1.7366561801	101.078783989
1.73587690155	101.276465893
1.75420886372	101.475991964
1.75438328631	101.631074905
1.74679561093	101.773482084
1.74646713508	101.956186056
1.77668489094	102.145719051
1.73277131192	102.340069056
1.88520189315	102.520887852
1.86437643109	102.765447855
1.84355600439	102.976985931
1.76505694811	103.183608055
1.8032999165	103.376569033
1.77535930125	103.577427864
1.91597855087	103.870949984
1.80799561645	104.072681904
1.81856950406	104.264471054
1.84895497557	104.530905008
1.88119518224	104.685427904
1.91588096171	104.889281034
1.94224663594	105.059980869
1.88968256844	105.331655979
1.93630048869	105.618129015
1.91200654051	105.778795958
1.83592176961	106.009268045
1.83081985909	106.168608904
1.79858205612	106.375959873
1.84583638583	106.54092288
1.82325176549	106.660037994
1.8634262884	106.834927082
1.94399035458	107.020106077
1.84175755211	107.217921972
1.83206301294	107.390387058
1.86798971757	107.588752031
1.8823585587	107.72744894
1.78859006372	107.960078955
1.87447539284	108.157459021
1.83081992005	108.312604904
1.81246899048	108.589226007
1.7738583379	108.781518936
1.76575703656	108.911129951
1.78520250667	109.033356905
1.84354122291	109.235395908
1.80782356193	109.44062686
1.80074441103	109.535736084
1.78851817864	109.681215048
1.79198173179	109.82920289
1.78972823214	110.032322884
1.77556853092	110.158427954
1.80364689867	110.305330038
1.83487785551	110.466987848
1.87934241477	110.612189054
1.93766270818	110.802509069
1.9227563626	110.971210957
1.85279477764	111.171413898
1.85061690712	111.42363286
1.80783147808	111.689437866
1.81927912689	111.861196995
1.83803788122	112.029823065
1.94732935591	112.157758951
1.97991459171	112.289759874
1.96803935861	112.481638908
1.90809948213	112.725080967
1.98997223706	112.863698959
1.90119552378	113.005254984
1.94504543738	113.13695097
1.87673599686	113.325979948
1.89112232568	113.588866949
1.89389622632	113.761615038
1.91797627824	113.879230022
1.90043210287	114.052875996
1.84635330133	114.181915045
1.76121600703	114.366428852
1.79672216601	114.53004694
1.83183267975	114.667763948
1.79500977001	114.843463898
1.76914807767	115.026349068
1.73256649649	115.203834057
1.73610688348	115.455252886
1.77228664626	115.602782965
1.7649068209	115.793575048
1.80531349635	116.020334005
1.78988013789	116.183789968
1.82897253763	116.395632982
1.82558320316	116.564216852
1.81184880479	116.760693073
1.78455273711	116.967724085
1.78917306878	117.130487919
1.7489368671	117.321599007
1.67439435015	117.54459095
1.65612517506	117.771102905
1.60990339775	117.987397909
1.56317316117	118.227346897
1.56128318317	118.402442932
1.56213849914	118.55705905
1.58411392776	118.720552921
1.63612481627	118.955967903
1.55114793413	119.181264877
1.61232832303	119.355742931
1.62676715216	119.565003872
1.58992660978	119.735298872
1.60688987763	119.930696011
1.6245020677	120.096971035
1.62654988758	120.266880989
1.62922308797	120.440049887
1.66445585335	120.615019083
1.67685762974	120.829304934
1.71674187762	121.004306078
1.78594431246	121.171848059
1.95455366672	121.311135054
1.95068728468	121.466794968
1.69495408793	121.624228954
1.72299566249	121.866502047
1.65994464322	122.073754072
1.72436889001	122.222763062
1.753489346	122.354815006
1.94957980537	122.493104935
2.11214319533	122.656143904
1.91110378439	122.799922943
2.07586438377	122.902936935
1.86230696443	123.098048925
1.8063557924	123.300067902
1.8797564186	123.481464863
1.79462235	123.65932703
1.74150916631	123.845876932
1.72391801133	124.053730965
1.78702544099	124.195139885
1.76098040928	124.367394924
1.77241885486	124.607851028
1.82952254832	124.7464149
1.8204046035	124.885280848
1.75632779373	125.04085207
1.74466949793	125.249068975
1.75268593138	125.439754009
1.6823828355	125.635756969
1.68701431896	125.775930882
1.6546375876	126.001719952
1.6948620162	126.237392902
1.7038801954	126.353116035
1.71717523072	126.574589968
1.67449952295	126.770376921
1.70182254534	126.857205868
1.66096399683	127.025248051
1.7148449795	127.200639963
1.62744429564	127.395426035
1.68187794299	127.63466692
1.86523172905	127.784561872
1.54863226504	128.045543909
1.62447092738	128.189501047
1.65023414011	128.343150854
1.7541327175	128.53301692
1.75948706832	128.662966967
1.70540860764	128.93449688
1.86383551174	129.11233592
1.62058176619	129.38786006
1.62371317291	129.57919693
1.70632928542	129.760676861
1.62113443504	129.967192888
1.61571907708	130.262238026
1.72205839932	130.380300999
1.59514714673	130.605375051
1.60744178273	130.80004406
1.85911023117	131.015523911
1.80628021402	131.227252007
1.64506030151	131.526860952
1.59765301007	131.80272603
1.59914514233	131.952162027
1.58753308818	132.235215902
1.69344560026	132.453876019
1.67075381122	132.650635958
1.67181088909	132.861548901
1.66054537781	133.08130002
1.6717845312	133.215864897
1.79240088547	133.495157957
1.78032597967	133.597212076
1.66446416296	133.819632053
1.55463470306	134.219703913
1.57292258173	134.411637068
1.56126291021	134.657343864
1.56011702079	134.909273863
1.53211194919	135.158195972
1.54183796232	135.321469069
1.54802075509	135.713480949
1.51179601011	136.014919996
1.54087666741	136.229140997
1.54289488091	136.404109001
1.55700545699	136.688315868
1.55745468587	136.853052855
1.53545820056	137.067625046
1.58151977093	137.284437895
1.53444395423	137.511671066
1.51369061823	137.822900057
1.56522761155	137.957617998
1.58668061362	138.102622986
1.5353518995	138.3904109
1.54784849929	138.560523033
1.53902027946	138.767380953
1.54435967356	138.891865015
1.47096983182	139.126756907
1.49505037009	139.329565048
1.50443883034	139.504993916
1.44995784706	139.778833866
1.46576754158	140.154275894
1.46374032022	140.386420965
1.44393595538	140.534221888
1.44666429391	140.81732893
1.44474976194	141.123552084
1.46007644518	141.32544899
1.48697989895	141.48465395
1.46278257939	141.695678949
1.46206295621	141.905974865
1.46866737354	142.059537888
1.48799916036	142.374826908
1.49039148646	142.550951004
1.46423918522	142.740792036
1.49924412156	142.898669004
1.52430207608	143.097651005
1.55977255894	143.291321039
1.59663462772	143.600269079
1.58408162694	143.817780972
1.60295108247	144.011837959
1.60260431343	144.245070934
1.57268977011	144.457395077
1.59322961067	144.635794878
1.55863836306	144.875604868
1.55106282508	145.093129873
1.54963264747	145.225992918
1.4910641968	145.43777895
1.48739777184	145.656188965
1.54446933906	145.871921062
1.51885183401	146.097003937
1.58518664865	146.240871906
1.61570985652	146.382737875
1.64623769341	146.521405935
1.61162386867	146.743247032
1.58684310375	147.286427021
1.62557916875	147.596678019
1.58681811303	147.836454868
1.63008726955	148.065789938
1.61162052447	148.235983849
1.63363534952	148.523755074
1.61261125443	148.708359957
1.64209628423	148.837203026
1.63247676917	148.929841995
1.61479346792	149.074832916
1.58570194484	149.27707386
1.56321223195	149.465924978
1.52807258481	149.804008961
1.52489076629	150.002950907
1.51687202249	150.228441
1.54548862649	150.465760946
1.55049312935	150.674356937
1.57585652901	150.937958002
1.54259324417	151.139108896
1.52442241564	151.387467861
1.55631197621	151.531663895
1.53995634548	151.759228945
1.52064935812	151.919368029
1.52161082786	152.051584005
1.51526764807	152.171710014
1.53774129571	152.269531965
1.54306350009	152.550920963
1.54035174468	152.765975952
1.52233213092	152.92828393
1.53845718602	153.072839975
1.50308176509	153.259855032
1.48839733558	153.388607979
1.48821239763	153.644768
1.47673646794	153.871392012
1.54130319529	154.187229872
1.54741537569	154.54924202
1.55910677408	154.935860872
1.56093954893	155.183964014
1.56489918668	155.324933052
1.55477340778	155.503969908
1.55575667711	155.680973053
1.49506328872	155.976955891
1.49984243054	156.269106865
1.51975273276	156.429188013
1.54317979686	156.606030941
1.55708583231	156.877419949
1.58922971024	157.007899046
1.57431869724	157.24526906
1.53987376115	157.407206059
1.57410564917	157.70935297
1.60077755891	157.890851974
1.57596407718	158.050816059
1.6625341969	158.362734079
1.56210902465	159.130485058
1.54039003933	159.557211876
1.5167189258	159.795075893
1.52707439633	160.008665085
1.57689238294	160.287554979
1.55945160074	160.486871004
1.57701197905	160.687274933
1.57061046446	160.881351948
1.61240180993	161.067095041
1.62804425203	161.270210028
1.61456077413	161.48376894
1.74436137726	161.676403999
1.70238059979	161.855484009
1.6818809685	162.085283995
1.69659731351	162.252745867
1.69190522953	162.39902997
1.70699994252	162.53171587
1.70534640516	162.728601933
1.70166987715	162.90059185
1.68328705032	163.228024006
1.63242009967	163.42244792
1.63626219357	163.545577049
1.61337558783	163.725018978
1.61874326933	163.820137024
1.57158646981	164.068898916
1.58041575017	164.181750059
1.47357613514	164.442920923
1.46869176864	164.596374035
1.46929296581	164.75116992
1.48635399562	164.85531497
1.47452035456	165.094128847
1.51527050949	165.376791954
1.50672866836	165.655670881
1.52832553788	165.767555952
1.52295204027	166.014599085
1.53232006917	166.210964918
1.52337391635	166.376298904
1.52157933709	166.542542934
1.53663244159	166.761283875
1.53777050323	166.99215889
1.52677742448	167.256083012
1.57472508105	167.466546059
1.51250110232	167.689751863
1.55289372759	167.805866003
1.61267835126	167.998066902
1.63419704991	168.188297033
1.611306886	168.327481985
1.56732822645	168.463634014
1.53816048201	168.703387976
1.53573316915	168.92585206
1.53671403422	169.14029789
1.541693497	169.358710051
1.60778430309	169.633374929
1.61329865021	169.815631866
1.59521521511	170.047381878
1.58875353776	170.277271986
1.60399096063	170.373573065
1.62761434026	170.554481983
1.65718244468	170.733317852
1.67802867393	170.999320984
1.66569957784	171.193486929
1.62501810784	171.381290913
1.5863915759	171.521789074
1.62703770961	171.714848042
1.61183362818	171.934972048
1.64838455968	172.14180994
1.6311400918	172.354438066
1.62564128697	172.614422083
1.63969874721	172.81078887
1.64046773343	172.955110073
1.66217762105	173.1069839
1.70037705366	173.280504942
1.76020785678	173.445327997
1.76256701979	173.667547941
1.82039483785	173.839601994
1.74789909837	174.119682074
1.7373339843	174.311255932
1.68131191517	174.461463928
1.63275153848	174.707159996
1.59376886311	174.845085859
1.57584443146	175.026229858
1.5448329141	175.18343997
1.53940983563	175.381402969
1.52529916378	175.478946924
1.54105305772	175.67861104
1.52872041746	175.852777958
1.54473775898	176.071109056
1.52772113345	176.20667696
1.50155832974	176.343853951
1.46069764007	176.495359898
1.42793761724	176.751915932
1.43987030658	177.023912907
1.43622324606	177.132277966
1.41820971748	177.436971903
1.44721646535	177.569877863
1.41366102653	177.851603985
1.44264579906	178.059216976
1.50979286233	178.29343605
1.50952612708	178.56291008
1.42469252378	178.815509081
1.44913997741	179.050163984
1.43845183465	179.19250989
1.44002387734	179.455961943
1.42573818246	179.683250904
1.41942440655	179.922626972
1.43669804428	180.138639927
1.45769406135	180.263074875
1.41956768808	180.507659912
1.4377056682	180.768939972
1.45505719539	180.976394892
1.45944241603	181.177558899
1.44382851704	181.444623947
1.42198395846	181.624266863
1.43363727885	181.820255041
1.43271616795	182.048404932
1.43052059277	182.265807867
1.44541006126	182.436425924
1.4603603623	182.638746023
1.47161000497	182.958894968
1.40696495354	183.163997889
1.42527782739	183.418544054
1.41778006357	183.815736055
1.42699530376	183.963047028
1.45692903095	184.28985405
1.46702854553	184.458600998
1.43708337874	184.721441031
1.45875081795	185.0286479
1.39876576401	185.217221975
1.4440514598	185.392129898
1.43416336774	185.573517084
1.43816022989	185.728175879
1.4575405806	185.835423946
1.44728739177	185.998873949
1.47171474707	186.182318926
1.43143950955	186.448873043
1.45547722899	186.664391041
1.43514028092	186.924237967
1.44575064921	187.132000923
1.45181364417	187.323909998
1.43686991524	187.548405886
1.44896257901	187.751303911
1.46002032682	187.883528948
1.44235287384	188.042568922
1.47282956988	188.236310959
1.45257714522	188.509208918
1.44136455691	188.838698864
1.45604174167	189.026817083
1.45815519837	189.269767046
1.45087721968	189.412513971
1.47642610063	189.56486702
1.46853784892	189.784873962
1.47776835737	189.964726925
1.42860716691	190.317668915
1.3880208436	190.617183924
1.40798633775	190.853744984
1.43830880391	191.073742867
1.43994245905	191.274219036
1.47135918877	191.509723902
1.47025966759	191.77866292
1.4605464319	192.018449068
1.45329493432	192.246502876
1.47327651862	192.493718863
1.44967414952	192.814133883
1.48016085706	193.038411856
1.40883622282	193.413583994
1.40471488724	193.712666035
1.46468001184	193.994011879
1.44789659868	194.316025972
1.52046625687	194.686809063
1.46694793286	195.10722208
1.45763557856	195.601243973
1.48035400583	195.987509966
1.47019029635	196.359402895
1.45133967165	196.578470945
1.49223515658	196.87824297
1.48744022904	197.204283953
1.54331577608	197.421242952
1.46281781072	197.722468853
1.4653089371	197.882884026
1.4308569133	198.13468194
1.4343937442	198.289345026
1.39697991827	198.517142057
1.43673472948	198.767322063
1.42773040563	198.902095079
1.53645932322	199.124302864
1.5832116348	199.366829872
1.59490523234	199.51788497
1.60373118743	199.692026854
1.69953776676	200.035533905
1.49323185042	200.224623919
1.49854748319	200.492429972
1.45046818464	200.65109396
1.40949216565	200.826436996
1.39786783081	201.051948071
1.40324950917	201.391180992
1.39006011643	201.585033894
1.35194840848	201.823778868
1.31538496551	202.158375978
1.31830912124	202.397145033
1.33085771683	202.578139067
1.32591455582	202.703799963
1.30812217432	202.842441082
1.28533241554	203.028239965
1.29954613932	203.341806889
1.29372096253	203.58345294
1.29149466628	203.747210026
1.28214209259	203.878453016
1.2713022347	204.128437042
1.27892915341	204.428163052
1.29111658075	204.627851963
1.29104659168	204.87838006
1.31328326123	205.224499941
1.33131156355	205.481106997
1.34322946501	205.755387068
1.39303533463	206.112341881
1.43988672438	206.277212858
1.41530571502	206.523345947
1.40860609046	206.807402849
1.38286648897	206.946279049
1.36989681471	207.077236891
1.35392281308	207.470119953
1.37292989806	207.648607969
1.36225678926	207.809155941
1.37012876793	207.938250065
1.39805755839	208.222316027
1.46299705419	208.384451866
1.45890457082	208.578505039
1.36877856617	208.871675014
1.38878292478	209.040293932
1.37351821976	209.286644936
1.42788120645	209.531878948
1.48565539316	209.674352884
1.47451404999	209.850849867
1.48241187256	210.032121897
1.45427166301	210.206232071
1.52474497315	210.422544003
1.46429116281	210.638069868
1.47395918631	210.918633938
1.43011424807	211.059484005
1.44904684248	211.270489931
1.49404123311	211.489637852
1.45078657648	211.70333004
1.48395264882	211.865722895
1.53442774874	212.044126987
1.51161673051	212.186425924
1.49809594379	212.384316921
1.48522004568	212.569371939
1.50555052624	212.820792913
1.50029615036	212.993062973
1.46605625278	213.176426888
1.48860476781	213.439841986
1.46974708777	213.589251995
1.4298155042	213.727738857
1.42253395339	213.974369049
1.36396033655	214.194321871
1.4057157457	214.358773947
1.3800560375	214.503398895
1.41068946852	214.662787914
1.50053266654	214.886628866
2.02071155374	215.064534903
1.97243264899	215.23390007
2.02140954788	215.470561028
2.06186868788	215.632577896
2.03646685619	215.763155937
1.99158048516	215.946213961
1.98219281878	216.175242901
1.90577475018	216.338278055
1.88431329812	216.455695868
1.81369432286	216.647850037
1.89766131638	216.848716974
1.9026422641	217.130902052
1.94631489652	217.327920914
1.97248457294	217.456839085
1.95593406411	217.668763876
1.94508804684	217.85998106
1.85633945209	218.073307037
1.8009323957	218.271664858
1.772460141	218.435293913
1.7999445109	218.714789867
1.8929129113	218.918066025
1.87620690405	219.097639084
1.9122873007	219.303453922
1.77793436751	219.626157999
1.78326778773	219.944647074
1.75659559444	220.266167879
1.76843667219	220.560154915
1.82171321302	220.942491055
1.79770756698	221.238148928
1.82451767853	221.656642914
1.83398927259	221.980737925
1.82622531367	222.312516928
1.93465464975	222.499139071
1.83653411958	222.723670006
1.80681790279	223.060348988
1.85460358775	223.206867933
1.85563572302	223.379235983
1.92485376734	223.621098995
1.84049894585	223.767560959
1.88678325113	223.936352015
1.96406606664	224.059058905
1.90324517459	224.280048847
1.90803673658	224.480442047
1.85401000768	224.715208054
1.76767401522	224.851700068
1.8208124536	225.015980005
1.83877687222	225.195550919
1.86084486278	225.46332407
1.74173284629	225.68829298
1.75577265816	225.821668863
1.92680627758	226.000380993
1.91359841304	226.131577969
1.9072536465	226.339783907
1.93113997025	226.469898939
1.77851773016	226.734436989
1.73449204797	226.915847063
1.76835935809	227.09524703
1.71012240238	227.24861598
1.71416258309	227.375231028
1.61800826951	227.55533886
1.63692396887	227.746396065
1.64144559083	227.870055914
1.6450042656	228.112717867
1.63221994803	228.34906888
1.56679958769	228.549305916
1.60164999438	228.708003998
1.5731258914	228.848213911
1.59430054236	229.10700202
1.59532298785	229.365460873
1.67552975658	229.612346888
1.61384158971	229.864630938
1.61002760503	230.058484077
1.55689863667	230.399507046
1.60220973985	230.651181936
1.62530009031	230.898721933
1.65763240219	231.331528902
1.63306292572	231.784538984
1.6856687268	232.0779109
1.6207235894	232.307669878
1.64525382269	232.693273067
1.59925415624	232.804302931
1.59224279691	233.012644053
1.61236266712	233.16145587
1.61602062314	233.314213037
1.63057743204	233.541435003
1.5603658813	233.754966021
1.68673271379	233.988005877
1.58928479821	234.357680082
1.60426570398	234.685111046
1.67295898399	234.820893049
1.6405217592	235.079884052
1.49626738426	235.336714029
1.5044546313	235.531183004
1.48184797382	235.749602079
1.45099955103	235.955839872
1.49179245772	236.290155888
1.52981635531	236.500658035
1.52305064023	236.705308914
1.50369747745	236.87153697
1.46669630677	237.04585886
1.45751259799	237.218595028
1.48421484758	237.371604919
1.43203638499	237.570235968
1.44476216929	237.797998905
1.43825384122	237.943278074
1.41478238122	238.200312853
1.48497965257	238.455293894
1.46251969527	238.623667955
1.46461414413	238.795944929
1.51958733476	238.921566963
1.48179051741	239.156156063
1.4752984025	239.360332966
1.49941252746	239.503103971
1.47774465617	239.729485989
1.49401366392	240.006891012
1.52191685826	240.296838999
1.48867746475	240.529453039
1.5395813852	240.801467896
1.49558096363	241.033714056
1.47119934329	241.198629856
1.48938959804	241.420542955
1.56722262217	241.599207878
1.49022359915	241.896645069
1.55922766625	242.093427896
1.49246169408	242.30356288
1.48089944984	242.459765911
1.46637467771	242.559512854
1.49743942681	242.797766924
1.6003546259	242.977809906
1.58343192085	243.094538927
1.53895791044	243.297919989
1.47873108855	243.513448
1.46215027769	243.776952982
1.43252321927	244.037395954
1.42379379967	244.247142076
1.46662440306	244.404968023
1.51194347868	244.535830975
1.4607246711	244.776963949
1.53093770442	245.161303043
1.46449931409	245.293251038
1.46970639614	245.498066902
1.46109859863	245.635819912
1.39325432459	245.876656055
1.39297355419	246.155550003
1.4657995976	246.353888988
1.43902624063	246.669638872
1.44992994624	246.86686492
1.44402269347	247.02571702
1.38645974043	247.287226915
1.4133241811	247.414530039
1.38460534689	247.632582903
1.38310512418	247.870940924
1.37500021644	248.122199059
1.39799349848	248.309297085
1.4241179759	248.483943939
1.46814035498	248.693794012
1.42223150538	248.833296061
1.43345852385	248.993275881
1.44687869365	249.090656996
1.4636323906	249.417161942
1.39679104255	249.660139084
1.37907684394	249.872050047
1.36743673484	250.30569005
1.3748193823	250.516047001
1.42969826646	250.736253023
1.42757808276	250.855613947
1.40091270597	251.057967901
1.44067850245	251.155036926
1.45248028676	251.437103987
1.42243551671	251.635133028
1.42098671113	251.731088877
1.42226540633	251.924618006
1.475661647	252.086535931
1.46845717303	252.288625956
1.5015662446	252.520216942
1.46133381968	252.730323076
1.58375639146	252.86954093
1.65397894281	253.063745975
1.63829608998	253.280143023
1.63731236077	253.428163052
1.50239599624	253.597790956
1.37722023022	253.769073963
1.36807954791	253.89107585
1.35215185689	254.13854003
1.33500555982	254.27332902
1.33860413596	254.988116026
1.31899537827	255.169190884
1.34571724	255.360370874
1.34312156188	255.548433065
1.33422611545	255.839808941
1.32406266908	256.578027964
1.33590263777	256.857119083
1.37242214389	257.165745974
1.37775368273	257.332900047
1.37135529304	257.604584932
1.31591670831	257.87014389
1.35744383563	258.111147881
1.33121839499	258.332139969
1.35053679301	258.490923882
1.36692687856	258.709220886
1.39723745418	259.05005908
1.47785404439	259.216727972
1.46244266199	259.42137289
1.42005398302	259.559777021
1.42070959216	259.786354065
1.40427525736	260.027037859
1.43766688865	260.215020895
1.45578781799	260.389355898
1.48684554571	260.554030895
1.46611718081	260.767953873
1.64971357028	261.005959988
1.70876329492	261.198816061
1.69813131267	261.459111929
1.67894007339	261.576655865
1.61541918969	261.761837006
1.6186225393	261.88132906
1.57674276838	262.066447973
1.49791602009	262.357598066
1.53038859139	262.552660942
1.52914054242	262.834908962
1.48750440139	263.125962019
1.4752944418	263.321883917
1.56985036328	263.52758193
1.56778463761	263.831310987
1.55049951381	264.125952959
1.51231167222	264.360388994
1.45813656244	264.555137873
1.44915975827	264.786578894
1.45540573859	265.033210039
1.46505006915	265.239171982
1.44734850502	265.516735077
1.47882145895	265.670372963
1.47462645903	265.883836031
1.42668922847	266.074723959
1.63393462831	266.288554907
1.4180871102	266.54401803
1.49369724268	266.662595987
1.5018955553	266.860702991
1.46468671892	267.000835896
1.45887336935	267.237647057
1.46211200921	267.385612011
1.39699028961	267.669205904
1.42329210831	267.932244062
1.3985812893	268.124729872
1.44235537219	268.315541983
1.46678107886	268.527669907
1.47826886185	268.826062918
1.43241105623	268.979717016
1.45492179819	269.168566942
1.45889120277	269.396054029
1.52161065185	269.540772915
1.55810016531	269.725465059
1.46239362589	269.871803999
1.4324223667	270.079299927
1.49153287828	270.235908985
1.50143425537	270.503329039
1.4762376464	270.64001894
1.41574666915	270.937985897
1.47620493588	271.309923887
1.35374061218	271.583899975
1.42638911395	271.805167913
1.41517274591	271.979589939
1.41200641752	272.120002985
1.34880806062	272.528847933
1.42093159651	272.966002941
1.51963204532	273.194867849
1.48824725389	273.493308067
1.47460946585	273.772412062
1.46310492413	274.003866911
1.45147476051	274.241268873
1.42210942045	274.43550396
1.48386521373	274.579881907
1.42008335572	274.87321496
1.40679589577	275.01147294
1.46273521975	275.190262079
1.45587323223	275.391443014
1.45121985234	275.522305965
1.45892345481	275.766557932
1.4673404434	275.963468075
1.47544727566	276.106140852
1.44271555839	276.326691866
1.43449603041	276.493741035
1.40666964834	276.677283049
1.4296717017	276.951263905
1.40245798267	277.132400036
1.37975645415	277.492321968
1.42440807481	277.647125006
1.40923363998	277.934294939
1.39553602007	278.162909031
1.37766842597	278.361801863
1.32883624988	278.520309925
1.35669566146	278.736899853
1.36112057458	279.066781044
1.34259530287	279.381779909
1.36095835197	279.612802029
1.36154684773	279.815546989
1.35309425272	280.099191904
1.34334295326	280.356150866
1.34086780498	280.575749874
1.35057029749	280.762274027
1.34254682201	280.977401972
1.34249956398	281.358138084
1.37050414183	281.521034956
1.40281389589	281.758038998
1.41291497894	281.955986023
1.42884155707	282.178420067
1.43316521092	282.346863031
1.42948538845	282.536423922
1.44201470418	282.813356876
1.41660915122	282.950025082
1.42223182204	283.280868053
1.41633268286	283.500520945
1.41061580099	283.637387037
1.45422085178	283.799211979
1.42228578964	283.973315954
1.36675807171	284.239781857
1.43814070825	284.393877983
1.41729202986	284.62290287
1.40161455568	284.859307051
1.42310856247	285.077919006
1.42806525109	285.2816329
1.4224321828	285.462877989
1.36852939658	285.644240856
1.45107782957	285.81843996
1.43804688578	285.994003057
1.41375945736	286.127623081
1.4766389392	286.292615891
1.41580074807	286.522578001
1.3976637467	286.709462881
1.52059187581	286.865515947
1.53322797312	287.039337873
1.49455081959	287.240401983
1.48839455886	287.475108862
1.50431960566	287.592577934
1.48993651258	287.689830065
1.43034924529	287.832098007
1.41166807625	288.045819044
1.41145491655	288.265105009
1.42418065026	288.369282007
1.43672878104	288.543869019
1.4242488423	288.728648901
1.42410534073	288.87628293
1.42637198181	289.043737888
1.37940746987	289.20363903
1.35061065785	289.419319868
1.41637106282	289.612864971
1.40664638048	289.843788862
1.40401426353	290.018414021
1.40600802782	290.211497068
1.38232982037	290.405165911
1.39158855737	290.547437906
1.3965067809	290.779064894
1.36451537141	290.962216854
1.34331413707	291.137683868
1.35347868155	291.37540102
1.35590096731	291.5217309
1.29226016056	291.72210598
1.27516176278	291.881758928
1.29140834285	292.145053864
1.24413496028	292.498389959
1.21295790633	292.821084023
1.21910649306	293.02953887
1.22330654869	293.171169996
1.21717348433	293.363976002
1.28060840264	293.458474874
1.31590021263	293.651381016
1.30949809603	293.851479053
1.3361947862	293.994709969
1.30454522092	294.164746046
1.28604042093	294.363507032
1.40682799873	294.651185989
1.40767619669	294.901996851
1.39240085763	295.130651951
1.37710771995	295.30603385
1.3535290185	295.425864935
1.36183381058	295.575236082
1.38309489554	295.783596992
1.37221252505	296.015620947
1.4048586939	296.21002388
1.38136884027	296.46806407
1.37780242725	296.614166021
1.3879837475	296.917185068
1.39117817985	297.1433599
1.39546400841	297.331943035
1.38772649716	297.490926981
1.40811669427	297.697789907
1.41851409795	297.935824871
1.40374863571	298.176529884
1.35675005156	298.416687012
1.36574696344	298.650902033
1.3803683355	298.879724979
1.38979452247	299.14190793
1.35592394518	299.364060879
1.34943725503	299.522867918
1.34327490244	299.651844025
1.3075534923	299.893287897
1.31662189989	300.019574881
1.3279460951	300.171220064
1.33098706047	300.391430855
1.36430248587	300.569571018
1.40791655278	300.919555902
1.43335819771	301.110600948
1.37346689468	301.294669867
1.37268997547	301.486423969
1.37858308521	301.731389046
1.3639748562	301.972241879
1.36242317195	302.182163954
1.39345552689	302.371981859
1.37474375178	302.581551075
1.40198532894	302.76135993
1.40235161854	302.946747065
1.39237878799	303.092977047
1.41138687535	303.293143988
1.41139343629	303.585669041
1.45082029439	303.803256035
1.37713648292	304.03568387
1.31040491809	304.281365871
1.30781640548	304.43998003
1.43420694105	304.593407869
1.39341071026	304.717720032
1.37054817258	304.949048042
1.37926512869	305.112700939
1.33880037023	305.342398882
1.36931812584	305.520235062
1.36423033762	305.705813885
1.37727964175	305.964823008
1.36239994634	306.196747065
1.30173856862	306.33938098
1.30175008542	306.434700966
1.33789164112	306.673099995
1.3610773429	306.798496962
1.35768269964	306.990673065
1.39083971909	307.195805073
1.40157300329	307.359929085
1.33917454058	307.573952913
1.34840712193	307.783298969
1.37434329579	307.942942858
1.32987578832	308.107774019
1.33751262003	308.306278944
1.30828250551	308.494934082
1.30116794305	308.622130871
1.30396010111	308.870419979
1.27155821406	309.186146021
1.27128950372	309.360624075
1.26015154425	309.508121014
1.2894434615	309.687248945
1.26007436949	309.946680069
1.2945738848	310.134312868
1.25202988095	310.455932856
1.30736257237	311.287268877
1.26562766055	311.620868921
1.26801799394	311.797644854
1.26183449169	311.992188931
1.26347067296	312.249999046
1.25346382404	312.443697929
1.31538593528	312.617758989
1.24961036717	312.917855024
1.25528659776	313.160640001
1.23949549306	313.299980879
1.2147746969	313.499212027
1.22328327525	313.787396908
1.23266136416	313.976428986
1.23399706767	314.260119915
1.267447708	314.431782961
1.22436142771	314.615521908
1.21433231344	314.811676979
1.25279873336	315.019129038
1.24364092107	315.237499952
1.22810159676	315.451387882
1.2165276185	315.721402884
1.23054024412	315.872428894
1.18934165861	316.081171036
1.19575076244	316.299489021
1.24419292386	316.518409967
1.23232507376	316.658424854
1.28434275597	316.916939974
1.3239816309	317.204519033
1.31728994952	317.388314962
1.3229743995	317.565883875
1.32074126239	317.866055965
1.33542063218	318.024368048
1.37124297317	318.169842005
1.36718206274	318.344003916
1.36022106113	318.543133974
1.32820925169	318.765521049
1.28802124998	319.024796009
1.24977878316	319.193341017
1.26086514715	319.418200016
1.23858907911	319.598577023
1.25726362787	319.731399059
1.24108760858	319.879962921
1.25117277658	320.063354015
1.2590070854	320.21006608
1.26518992051	320.351069927
1.24593419981	320.512136936
1.27942573164	320.723587036
1.25275112641	320.951889992
1.25019985348	321.046589851
1.24609738985	321.199528933
1.2363939935	321.406713963
1.21584321305	321.567127943
1.22054805624	321.799947023
1.24121521445	322.015856028
1.22549179121	322.219753027
1.23528657686	322.383609056
1.23771079587	322.563857079
1.21311917636	322.764226913
1.23010984938	322.976116896
1.25523450078	323.187614918
1.25259629669	323.381113052
1.22656820582	323.586878061
1.25710577986	323.832869053
1.29578633494	324.001528025
1.33549825872	324.166893005
1.33406069996	324.474796057
1.2826535769	324.728482008
1.27413166312	324.942837
1.30579287768	325.123950958
1.31549190266	325.274368048
1.29004454925	325.445905924
1.32242095479	325.637064934
1.37058417556	325.855342865
1.33944905513	326.02023387
1.34252670315	326.23146987
1.31105748024	326.482254982
1.30728102154	326.654528856
1.26799462324	326.906990051
1.25679460389	327.13594985
1.23549574491	327.403954029
1.27623751724	327.583567858
1.28490373715	327.796751022
1.3165450329	328.07791996
1.3266347197	328.327564001
1.27237974881	328.659476042
1.25831112896	328.969104052
1.27037128693	329.215018034
1.25843282227	329.414512873
1.27145575935	329.610753059
1.29056025437	329.795772076
1.25528856058	330.018126011
1.27527276172	330.180536032
1.26125812053	330.378776073
1.3084683187	330.60116291
1.27234286764	330.809905052
1.25787081989	331.189450026
1.34090940317	331.416459084
1.30102675452	331.606293917
1.29758936667	331.776287079
1.37207598991	332.061517954
1.39158860308	332.303147078
1.36376495931	332.519087076
1.44198587248	332.706866026
1.43797047927	332.909976006
1.45136684921	333.177484035
1.47010331295	333.323854923
1.46048843656	333.488462925
1.41595421536	333.685020924
1.44315945433	333.864770889
1.46767658672	334.082061052
1.43421426305	334.369246006
1.37288317031	334.652745962
1.33033521798	334.910860062
1.36558459983	335.134472847
1.3508444733	335.511561871
1.37190749835	335.652472973
1.34594996735	335.830900908
1.31013359527	335.951966047
1.33953034462	336.194921017
1.35801876044	336.388575077
1.26390838776	336.579756975
1.28848017885	336.829143047
1.27987904544	336.969269991
1.26082332527	337.161570072
1.25658918131	337.373856068
1.23996475083	337.55685091
1.26388969159	337.743921041
1.27519085647	337.950919867
1.27569613789	338.159100056
1.28534108637	338.299357891
1.2762261255	338.479522943
1.2875679245	338.618075848
1.2732246291	338.820209026
1.25934715703	338.996936083
1.26003650176	339.157284021
1.27146133358	339.377882957
1.28831331854	339.532011986
1.325333804	339.689688921
1.28770661948	339.812928915
1.28442092624	339.978266001
1.27970325994	340.195080042
1.27948385181	340.393229008
1.25808474886	340.644978046
1.27069116292	340.81395793
1.30594197768	341.002698898
1.28882692317	341.174416065
1.36856947203	341.344645977
1.37265866968	341.641985893
1.32826248772	341.778326035
1.30319180328	342.005518913
1.33001424678	342.231065989
1.37594354965	342.489950895
1.36482460372	342.68633604
1.39875840665	342.862820864
1.34903884444	343.050473928
1.35333627275	343.218283892
1.39899246235	343.443636894
1.36900884521	343.68533802
1.39202817381	343.882673979
1.35252248309	344.060217857
1.32076645392	344.289139032
1.30796604363	344.422139883
1.28695265855	344.626893044
1.30285086787	344.866503954
1.23097356513	345.064758062
1.2493559748	345.228029013
1.27545540854	345.414972067
1.31950966063	345.549283981
1.30611806243	345.750351906
1.27690160808	345.954376936
1.27015412281	346.163951874
1.2492627363	346.327755928
1.2434304703	346.49097085
1.24541264979	346.702466965
1.22782482993	346.86857295
1.22616730111	347.029145002
1.26754011365	347.188750029
1.30948832742	347.38121891
1.2981714367	347.476072073
1.28867486771	347.686004877
1.28623233252	347.884827852
1.3483957362	348.094271898
1.35240764942	348.352449894
1.34994156608	348.51244998
1.3760686599	348.643600941
1.3491390144	348.783926964
1.3819598298	348.976279974
1.36877332831	349.167882919
1.401239115	349.326029062
1.40999128312	349.496491909
1.39490139256	349.699429035
1.3654924021	349.899787903
1.40090322224	350.076876879
1.41441431673	350.252812862
1.40479772729	350.469516993
1.35584653269	350.701380014
1.35344158831	350.979897976
1.34578101646	351.188593864
1.32496584303	351.400394917
1.30700837962	351.549078941
1.30605616488	351.689637899
1.34989508475	351.832195044
1.29536242922	352.028082848
1.35298123538	352.206579924
1.4069861841	352.465452909
1.4306361165	352.774133921
1.41663276171	353.089262962
1.3853548359	353.28953886
1.35246961585	353.649226904
1.34073455358	354.080713034
1.34373900227	354.261044979
1.34910263853	354.424035072
1.34454450606	354.557921886
1.34675177809	354.782414913
1.36099689883	355.041895866
1.35490485519	355.298477888
1.34051549996	355.516784906
1.32540537384	355.711910963
1.32025208354	355.929017067
1.33195950059	356.249763012
1.36971319027	356.473510981
1.35853665324	356.633837938
1.39898572832	356.820319891
1.3964558282	357.027242899
1.48905604029	357.168637037
1.517930173	357.480131865
1.5237665948	357.625001907
1.53610841801	357.833616018
1.58536679235	358.050307035
1.51990645788	358.617359877
1.46954538098	358.840618849
1.47967951771	359.068814993
1.45630496642	359.224329948
1.448499017	359.463545084
1.43252788921	359.815967083
1.45060552177	360.451336861
1.4460494254	360.700773954
1.42149531129	361.028255939
1.40935542669	361.498902082
1.39044063997	361.850580931
1.39053336488	362.037988901
1.44743374592	362.257019997
1.40175379006	362.522911072
1.3530266209	362.854656935
1.35410468216	363.035135984
1.32821004768	363.36374402
1.33602490081	363.506876945
1.30612299285	363.656097889
1.39962764875	363.869783878
1.40186403933	364.06712985
1.36813540972	364.277750015
1.33384371242	364.455328941
1.41211535555	364.718873024
1.38298119462	364.973195076
1.39052374909	365.143724918
1.42300827566	365.41089201
1.44663146902	365.579875946
1.43048790816	365.908432007
1.42366029542	366.248242855
1.39588848973	366.560644865
1.41080309973	366.991096973
1.41655858035	367.350929022
1.37178288574	367.569069862
1.4028798984	367.83564496
1.39148603806	368.04716897
1.39993423599	368.243808031
1.42745849089	368.404197931
1.4382705208	368.637992859
1.43460900089	368.869844913
1.42954565064	369.045578003
1.39395000228	369.227608919
1.42110493172	369.508075953
1.44205047577	369.676502943
1.36652450108	369.882343054
1.35491176422	370.110156059
1.37396091052	370.435400009
1.37153834086	370.616050005
1.43082005843	370.81741786
1.41533458891	370.965962887
1.42155568361	371.159627914
1.4274513857	371.326286077
1.46573704434	371.457418919
1.51403512268	371.614389896
1.47894523368	371.769258976
1.47572189989	371.98723793
1.45422067272	372.106584072
1.43362377231	372.261934042
1.42874209639	372.511558056
1.4136362354	372.664304972
1.35272490249	372.798887014
1.45961594127	373.061286926
1.42459704809	373.263437986
1.45109336614	373.492794037
1.45421870008	373.591572046
1.44563152025	373.761137009
1.40554928399	373.931186914
1.41711354834	374.181792974
1.37976505275	374.449482918
1.38489345155	374.673723936
1.37027275514	374.817039967
1.38059228341	375.006967068
1.38940149928	375.150204897
1.33116451189	375.299278021
1.31785379827	375.517693996
1.36787135472	375.645153046
1.36545213339	375.783063889
1.36397407684	375.945036888
1.36352666998	376.065382004
1.36558488343	376.246571064
1.3665343496	376.451766014
1.36774932814	376.61293292
1.36937883234	376.851341009
1.37092624214	377.068245888
1.37202070046	377.314499855
1.37310159411	377.475625038
1.37424753887	377.704822063
1.37530521678	377.878359079
1.37576352585	378.011326075
1.3757439259	378.200312853
1.37548679021	378.327692032
1.37503230878	378.545525074
1.37433240812	378.777525902
1.37402256992	378.960519075
1.37415515201	379.086288929
1.37403087188	379.259139061
1.37395932122	379.409086943
1.37397393058	379.545644999
1.37451271086	379.702266932
1.37504423584	379.844182968
1.37542941002	380.008574009
1.37564832236	380.131195068
1.37530308336	380.283164978
1.37488603152	380.497366905
1.37457565925	380.608222008
1.37432907125	380.824694872
1.37405996614	381.037369967
1.37359496245	381.204658031
1.37378231367	381.39161706
1.37376070504	381.567662954
1.37365651068	381.697426081
1.37347443295	381.829660892
1.37333681279	381.991750956
1.37337725194	382.138683081
1.37306735328	382.301019907
1.37296808153	382.506728888
1.3726680922	382.721938848
1.37249162554	382.88857007
1.37210529945	383.128448963
1.37184776382	383.30208087
1.37161854473	383.528809071
1.37127673539	383.624197006
1.37095451685	383.775357008
1.37075188768	383.884180069
1.37051190536	384.043143988
1.37029367626	384.162716866
1.3702370211	384.313006878
1.37013123563	384.554383039
1.36993553756	384.747246981
1.36986118672	384.895864964
1.36982535326	385.033468008
1.36961818528	385.291960955
1.36961139756	385.534121037
1.36974869239	385.739888906
1.36989159091	385.905773878
1.370045699	386.007272959
1.3700783936	386.217319012
1.37024268964	386.389088869
1.37068885074	386.521219015
1.37095197602	386.751280069
1.37110697259	386.949944019
1.37134502856	387.112978935
1.37157354946	387.269577026
1.37179171318	387.456791878
1.37197414974	387.595274925
1.37228345225	387.810149908
1.37269730549	388.050778866
1.37307750783	388.181493998
1.37331334499	388.375472069
1.37370786169	388.592872858
1.37404789162	388.799556971
1.37428795662	389.032582045
1.37454157151	389.183440924
1.37485873121	389.309978962
1.37517975453	389.465359926
1.37552117815	389.613435984
1.37596427714	389.822161913
1.37637200932	389.973594904
1.37678334146	390.191539049
1.37716280213	390.315228939
1.37757732882	390.447504044
1.37815866593	390.757097006
1.37866903909	390.881438971
1.37904138049	391.156755924
1.37932211219	391.425104856
1.37959426684	391.671658039
1.37991198451	391.872375965
1.38025361697	392.008403063
1.38064753658	392.272405863
1.38103389623	392.405117035
1.38142036192	392.630763054
1.38176685303	392.860478878
1.38202419261	392.989453077
1.38229087368	393.130850077
1.38261265156	393.263876915
1.38280784248	393.440316916
1.38308691857	393.639719009
1.38332070511	393.834956884
1.38357081426	394.111521959
1.38386509467	394.296041965
1.38411832741	394.434818983
1.38427631817	394.759835005
1.38452665599	394.935404062
1.38478447836	395.175927877
1.38500047756	395.356163979
1.38515686492	395.559195995
1.3853149528	395.708237886
1.38548864806	395.801755905
1.38564614626	395.928691864
1.38579159454	396.044807911
1.38603598864	396.232596874
1.38627934178	396.34871006
1.38650922462	396.560917854
1.38675878071	396.796045065
1.38703512149	396.972496033
1.38724913362	397.135215998
1.38751669665	397.31516695
1.38777114991	397.508599997
1.38806664191	397.751080036
1.38838984429	397.977380037
1.38875080235	398.183265924
1.3891876765	398.312432051
1.38948167199	398.467251062
1.38982357391	398.62803793
1.39011077854	398.785748959
1.39029080951	398.943343878
1.39051326633	399.080646038
1.39080197754	399.296094894
1.39105899862	399.498817921
1.39129828712	399.653131962
1.39149787153	399.863638878
1.39185750854	400.037441015
1.39213023504	400.217191935
1.39236496253	400.419631958
1.39261983849	400.51247406
1.39290923962	400.752039909
1.39320365057	400.931837082
1.39342584984	401.164167881
1.39364843158	401.31607604
1.39387351433	401.495102882
1.39403169514	401.714344978
1.3942373748	401.896807909
1.39435320059	402.010604858
1.39442973406	402.160428047
1.39455048301	402.404805899
1.39471401908	402.585543871
1.39489420152	402.741605043
1.39503815843	402.903791904
1.39514132286	403.110542059
1.39541204924	403.333180904
1.39560337259	403.49475193
1.39592230875	403.730287075
1.39627420205	403.893296957
1.39673181471	404.106869936
1.39739959993	404.292033911
1.39820902536	404.66388607
1.39869858948	404.956932068
1.39893160203	405.144466877
1.39915274279	405.351727962
1.39948488966	405.560796022
1.39972943802	405.796303034
1.3999469086	405.931894064
1.40011144855	406.075608015
1.40026409701	406.351716995
1.40038988461	406.772305965
1.40053466788	406.881196976
1.40068658574	407.21190691
1.40092895879	407.412148952
1.40117395213	407.597517967
1.40134130035	407.832125902
1.40148147112	408.239078999
1.40158886765	408.758430958
1.40172530432	409.053490877
1.40183845748	409.425867081
1.40208193601	409.738952875
1.40238018104	409.928570986
1.4026588142	410.090085983
1.40290022817	410.255534887
1.40307337622	410.565414906
1.40321624187	410.830249071
1.40345933664	410.965607882
1.40364587004	411.198971987
1.40383161807	411.348016024
1.40407174529	411.527601957
1.40428166523	411.703589916
1.404541213	411.963587999
1.40477214354	412.084419012
1.40493636358	412.255663872
1.40521757237	412.405057907
1.40545119317	412.568217039
1.40561196386	412.692813873
1.40578146753	412.973830938
1.40595771276	413.186397076
1.40616721275	413.355114937
1.4064426811	413.514613867
