17.4354140775
17.28440436
16.9186033382
16.8154769678
16.7027253473
16.5340272106
16.4502709913
16.4381826874
16.208243507
16.0307697435
15.6679277499
15.5299525853
15.4969600245
15.4099048267
15.3447713407
15.319241507
15.2945113929
15.2958984597
15.2104951191
15.1681759803
15.0987169104
15.0668469284
15.0640405129
15.0726027057
14.9861278062
14.9429855917
14.8661464706
14.717889726
14.7180331597
14.6158340387
14.5940393233
14.5577023282
14.5141085785
14.4913221219
14.487975131
14.4174295032
14.3682804512
14.3534606771
14.2782378103
14.252815488
14.1780496484
14.1091012749
14.0832521973
14.0112972638
14.0097583577
13.9665261338
13.9460367558
13.8988917757
13.8671971167
13.8495716741
13.8577271874
13.7807615692
13.7435923605
13.6782936193
13.6184533225
13.6199459652
13.5906541039
13.5821917153
13.5587364414
13.5326977979
13.5417128009
13.5223409235
13.488876517
13.4658610919
13.4649344337
13.4140916583
13.3571114215
13.3332757161
13.3140161345
13.3087963781
13.278466596
13.2718380948
13.2876542775
13.2876735296
13.2660824874
13.2699099055
13.2507880064
13.2503394537
13.2319330692
13.2094279348
13.2030185767
13.1770710057
13.1458451556
13.1354431588
13.1342531626
13.1223212491
13.0538415376
13.041024383
13.0611129988
13.0648261743
13.0402203698
13.0272371607
13.0227552378
13.0078270599
13.0055537479
12.978573585
12.9469679924
12.9131070782
12.9094687812
12.9106839844
12.8992168922
12.9005244235
12.8947801214
12.8685471258
12.8568746292
12.8534747442
12.8258024889
12.8118616896
12.8049398646
12.794733403
12.7913315901
12.7839938755
12.7717846204
12.7597245014
12.7462397863
12.7508118434
12.7496506468
12.7365482921
12.732908995
12.7278777154
12.71320388
12.7105514911
12.707440876
12.7048626471
12.6898203684
12.6873942486
12.6767025283
12.6806962428
12.6783358646
12.6610128268
12.6576167374
12.6601666784
12.6510018063
12.6355664246
12.6312071486
12.6263128062
12.6232727338
12.6212886614
12.6064535068
12.5994911011
12.5894826484
12.5836475439
12.5881581956
12.5852570455
12.5852852668
12.5954751666
12.6028901146
12.6032627042
12.5979933609
12.58404454
12.5666274771
12.5623431999
12.5426984029
12.5364303733
12.5341164431
12.5272651502
12.5202907862
12.5262398639
12.5196706404
12.5218624226
12.5119178269
12.5047427419
12.5069683924
12.5054575921
12.5128478307
12.5047929145
12.4925923664
12.4912902628
12.4909809517
12.4920035904
12.4858946504
12.4872883028
12.4869966776
12.4837828014
12.4835450167
12.4827327812
12.4835486033
12.4812949096
12.4784578604
12.4749476437
12.4731351396
12.4745688824
12.477370483
12.4738545182
12.4720986026
12.4722110079
12.475191376
12.4771998578
12.4738107353
12.4757275832
12.4750537219
12.473557267
12.4689883388
12.468068619
12.4666329873
12.4663545144
12.4698581727
12.4684439762
12.4683413161
12.466521272
12.4670602603
12.468840497
12.4640080551
12.4633360443
12.4674663522
12.4681644015
12.4662406015
12.463964468
12.464366311
12.4637565998
12.4633641556
12.4635229186
12.4667130841
12.4667084632
12.4679947716
12.4666838385
12.4662272889
12.4656534157
12.464177946
12.4660075624
12.469748568
12.469921667
12.4718521707
12.4716188653
12.4711247259
12.4784278317
12.4780470168
12.4746266237
12.4745214872
12.4739700077
12.4724014622
12.472978005
12.4741521984
12.474413551
12.4765332174
12.4766963952
12.4757162026
12.4780308865
12.4769132336
12.4755917655
12.4765716119
12.4807207704
12.4837495004
12.4837495004
12.4842759951
12.4852260571
12.4842897346
12.4883142524
12.4882508928
12.4863506897
12.486791841
12.4870057755
12.4892485579
12.4891247973
12.4908306883
12.4925991554
12.4917264709
12.493515418
12.4904479001
12.4919030943
12.4906682321
12.4867983109
12.4825201747
12.4824236678
12.4827925789
12.4768779628
12.4752138069
12.4758278052
12.4736822669
12.4732025646
12.467162844
12.4654021846
12.4661683789
12.4673909842
12.4641954178
12.4620772479
12.4623933222
12.4579402125
12.4600830127
12.4587986194
12.4559571955
12.4569202723
12.455793614
12.4551439618
12.4546429578
12.4584563281
12.4606708476
12.4653890594
12.4629366142
12.4634502999
12.4652134921
12.4686598234
12.4622309802
12.4578655375
12.4545053423
12.4545127378
12.4540385465
12.4500484868
12.4518510036
12.4513694666
12.4508881369
12.4507390747
12.450593813
12.448274134
12.4504929974
12.4491740439
12.4480141649
12.4474115461
12.4508645656
12.448898957
12.4501014707
12.4493013901
12.4503476773
12.4506757481
12.4480705045
12.4491198091
12.4505024548
12.4495575367
12.4486121869
12.4494504447
12.4468946771
12.4477494078
12.4484869433
12.4496744479
12.4486129338
12.4497957502
12.4514698192
12.4517709978
12.4472414405
12.4480125026
12.4477662665
12.4485365055
12.4529221021
12.4554077241
12.4552175251
12.4530674394
12.455992437
12.4558379256
12.4571376261
12.4578698417
12.4574508265
12.4575822636
12.458643462
12.4573791087
12.4588827794
12.45853212
12.4574326089
12.4580467768
12.458025015
12.4579825293
12.4555909181
12.4566390576
12.4531548298
12.4543344478
12.4543344478
12.4525837526
12.4521650227
12.455263193
12.4537345939
12.4525684222
12.4522012832
12.4560526875
12.4560118003
12.4499386772
12.4528305044
12.4526726707
12.452377256
12.4503017051
12.4501494178
12.446279439
12.4458305716
12.4466498946
12.4445754767
12.4416791662
12.4411523376
12.4410730287
12.433332359
12.4370262083
12.4380496603
12.439105896
12.4405435903
12.4415103404
12.4435308433
12.4429594034
12.4428508678
12.4447922567
12.4451123729
12.4437688222
12.4416492446
12.4439209236
12.4408916399
12.4405789385
12.4377093239
12.4366389791
12.4392906289
12.435329205
12.4343379477
12.436162675
12.4367222399
12.439127986
12.4394035491
12.4385006242
12.4367757814
12.4360598865
12.4349909032
12.4362550104
12.4278462484
12.4298277185
12.4300772763
12.4362676873
12.4310512639
12.4301656391
12.4317601654
12.43250695
12.4297908003
12.4300136076
12.432548356
12.4361979086
12.4382921405
12.4408134428
12.4414505062
12.4428804311
12.4388506174
12.4359350802
12.4313702129
12.432703685
12.4327707486
12.4344708415
12.4338366066
12.4357539656
12.4356191198
12.437737918
12.4384622128
12.4376018229
12.4375037746
12.4391217623
12.4344384089
12.4337630547
12.4260523441
12.4264911769
12.4270248416
12.4279778727
12.4277100632
12.4196372219
12.4198557976
12.4185582103
12.4184928563
12.4176803343
12.4127614163
12.4143144876
12.4159612415
12.4191706403
12.4213563596
12.4217513283
12.4255256983
12.4261522288
12.4277446311
12.4276440038
12.4240083704
12.4258958557
12.4304735092
12.4288204099
12.4267675604
12.4259623972
12.424863538
12.4268256309
12.4265187757
12.413267573
12.4152028988
12.4155566819
12.4201851016
12.4220493236
12.4225656101
12.4166860154
12.4178544866
12.4187778956
12.4192696077
12.4203841275
12.4237006594
12.4186704135
12.4133399982
12.4135512994
12.414851765
12.4142336619
12.4179563798
12.4223801361
12.4199887908
12.422193797
12.4225159482
12.421233174
12.4246805496
12.422132594
12.4248857055
12.4246813741
12.4267817689
12.4273713887
12.427177832
12.4268028768
12.427955622
12.4313107833
