17.3655315283
17.3655315283
16.8339528775
16.2385214169
15.9258720361
15.8925872091
15.6756623284
15.4830851954
15.4446242876
15.0887440338
14.9429029005
14.6447723449
14.398577559
14.2593023803
14.2089256213
14.1145952248
14.0295950965
14.0295950965
13.9306420174
13.8698290379
13.8554035318
13.7958977484
13.7394651851
13.7044600152
13.6341428396
13.6341428396
13.5790550881
13.5353958184
13.5198255039
13.4942481145
13.4508323135
13.4461079232
13.4082497337
13.3591379378
13.3591379378
13.3135932695
13.2604091791
13.256822427
13.2188126154
13.191748808
13.1700074547
13.1421597832
13.1157927198
13.1180664825
13.0926597574
13.0726843958
13.0590101468
13.0550398202
13.0433756014
13.0202470075
13.0164505156
13.019615116
12.9993077015
12.9933811391
12.9655862389
12.9571266467
12.9429973794
12.9230613891
12.9147480269
12.9003284882
12.8823302719
12.8774329018
12.8588823928
12.8443328811
12.8388103369
12.8327122125
12.8186456772
12.813892904
12.8047925977
12.7873632867
12.775982976
12.773005492
12.7670250628
12.7596170531
12.755693205
12.7524986514
12.7475654674
12.7430582362
12.7349947691
12.7275724976
12.717737132
12.7189232829
12.7253351008
12.7478889735
12.7432030606
12.7353291863
12.7366289581
12.7303675216
12.7258735122
12.7425045497
12.7539063709
12.7501109532
12.7509089763
12.7554732406
12.7413237531
12.7380792194
12.7268053845
12.7184214674
12.7164913613
12.7083504387
12.6970319031
12.7145540729
12.7178067826
12.7093616823
12.7212184108
12.7189725062
12.7138818798
12.7018637031
12.6955646292
12.6950562853
12.7021147744
12.7094348317
12.7084195169
12.7017451835
12.6925710409
12.691516729
12.694065375
12.68203278
12.6720956355
12.6714015771
12.6651147277
12.657213429
12.6540695782
12.6486184777
12.6645129855
12.6580619841
12.6555773726
12.6520915274
12.6495798943
12.6458038331
12.6404396256
12.6404396256
12.6591438799
12.6506713793
12.6519915354
12.6714131313
12.6683973786
12.6647332173
12.6816602425
12.6782935934
12.6710573537
12.6675147938
12.6655125545
12.6727006698
12.6691555453
12.665183183
12.6549124712
12.6576812839
12.6589997781
12.6506595431
12.6481288244
12.6454331869
12.6367404908
12.6460230802
12.6463277348
12.6402212754
12.6340551142
12.6340551142
12.6264454008
12.6198112402
12.6193694541
12.6078880654
12.6163643533
12.6163643533
12.6115004595
12.6045569485
12.6045569485
12.6225136504
12.6207428831
12.6287212708
12.6216607042
12.6216607042
12.6529498625
12.6536664445
12.6539845052
12.6464553769
12.6438759454
12.6380278133
12.6426060882
12.6367152222
12.6363080201
12.6290205434
12.6191840658
12.6179821173
12.6129768556
12.6412618886
12.6400747045
12.6337784779
12.6398305325
12.6399639222
12.6455663231
12.6386419976
12.6323395114
12.6317982376
12.6272975372
12.6157288923
12.6149664344
12.6069115955
12.6137932805
12.6238616378
12.6314116739
12.6248456058
12.6243690834
12.628149378
12.6235265072
12.6180941127
12.6170527865
12.6128881661
12.6147294593
12.6150274325
12.6176133976
12.6125210281
12.613607603
12.6181932013
12.6120438042
12.605840469
12.6045200574
12.5998636466
12.6066228014
12.6065975581
12.6294916356
12.6420253626
12.6411310294
12.6350317639
12.630502824
12.6288267714
12.6250247382
12.6227846043
12.6170169751
12.614838613
12.609663006
12.6028101271
12.6037223936
12.6162610798
12.6095097911
12.6084779783
12.6038307672
12.5979387241
12.5919414811
12.5919414811
12.5858262956
12.5777022861
12.574404572
12.5729826307
12.5688072914
12.5617697099
12.5612659471
12.5546627995
12.5626218973
12.5611181538
12.5577928842
12.552998042
12.5491443812
12.5491443812
12.5716913735
12.5974633936
12.6149293747
12.6084622087
12.6384006546
12.6370327309
12.6312540914
12.6271248329
12.6261528326
12.6204534938
12.6260721068
12.6260721068
12.6218044612
12.6151393332
12.6147107272
12.6161493101
12.6123969895
12.6267412259
12.6267412259
12.6208363286
12.6393544269
12.6393544269
12.636506905
12.6328203602
12.6323143645
12.6283609597
12.6228355613
12.6228355613
12.6228323003
12.6228296525
12.6228279457
12.6228276043
12.6228242127
12.622833884
12.622833884
12.6228260629
12.6228117622
12.622810773
12.6228204485
12.6228296119
12.6228296119
12.6228268771
12.6228194006
12.6228170638
12.6228147041
12.6227948678
12.6227884791
12.6227832153
12.6227733955
12.6227626485
12.6227626485
12.6227604228
12.622763644
12.6227629135
12.6227603112
12.6227611823
12.622760195
12.6227567889
12.6227581854
12.6227486656
12.6227486656
12.6227422582
12.6227401147
12.6227400773
12.6227388008
12.6227375511
12.622732493
12.622727235
12.6227264032
12.6227263029
12.622724487
12.6227243348
12.6227196139
12.622716031
12.6227096343
12.6227062544
12.6227062544
12.6227056966
12.6227013843
12.6227007057
12.6227002603
12.6227032875
12.6227024543
12.6226997577
12.6227047246
12.6227034776
12.6226980248
12.6226937591
12.6226977618
12.6226985635
12.6227025786
12.6227027073
12.6227041015
12.6227068814
12.6226999568
12.6226991449
12.622696804
12.622695763
12.6226957971
12.6226979906
12.6226979906
12.6226906673
12.6226886096
12.6226933377
12.6226957324
12.6226952465
12.6226918059
12.6226917851
12.6226948959
12.6226911945
12.6226911842
12.6226805785
12.6226817272
12.62268329
12.6226860243
12.6226802833
12.6226802833
12.6226820146
12.6226748633
12.6226849537
12.6226876809
12.622685393
12.6226860388
12.6226861038
12.6226864609
12.6226921738
12.6226984025
12.62269781
12.62269781
12.6226936979
12.6226932229
12.6226932229
12.6226944664
12.6226910214
12.6226907137
12.6226868141
12.6226839126
12.6226839126
12.6226797883
12.6226769481
12.6226769481
12.6226736063
12.6226730942
12.6226730942
12.622675329
12.6226759526
12.6226753171
12.6226751409
12.6226745238
12.6226741246
12.6226742322
12.6226718612
12.6226722722
12.6226722722
12.6226732934
12.622668392
12.622668392
12.6226674485
12.6226674485
12.6226660811
12.6226646811
12.6226646811
12.6226637649
12.6226673357
12.6226673357
12.622667439
12.6226667358
12.6226667358
12.6226658468
12.6226658468
12.6226625322
12.6226658928
12.6226651772
12.6226634512
12.6226606922
12.6226626543
12.6226636748
12.6226750793
12.6226747927
12.6226709255
12.622670326
12.6226696846
12.6226691791
12.6226609746
12.6226600979
12.6226576117
12.6226583452
12.6226579434
12.6226574474
12.6226593682
12.622659166
12.6226575053
12.6226556101
12.6226556101
12.6226549945
12.622658471
12.622662444
12.6226661884
12.6226660019
12.6226643508
12.6226579562
12.6226579344
12.6226586712
12.6226607644
12.6226606857
12.6226601669
12.6226572398
12.6226572398
12.6226567935
12.6226558522
12.6226552496
12.6226531901
12.6226520727
12.6226517266
12.6226497773
12.6226520916
12.6226492414
12.6226484503
12.6226436678
12.6226435255
12.6226422465
12.622649437
12.6226495924
12.6226503362
12.6226450766
12.6226450766
12.6226467197
12.6226536747
12.622653674
12.6226529507
12.6226544662
12.6226551965
12.6226485288
12.622652174
12.622652174
12.6226517438
12.6226552931
12.6226561649
12.6226504743
12.6226486745
12.6226483928
12.6226484207
12.6226470524
12.6226470524
12.6226448031
12.6226446352
12.6226442048
12.6226479146
12.6226503441
12.6226564089
12.6226559032
12.622651369
12.622655148
12.6226583146
12.6226598829
12.6226586186
12.6226582125
12.6226577031
12.6226497376
12.6226602914
12.6226602914
12.6226625675
12.622661434
12.622661434
12.6226625677
12.6226610928
12.6226610928
12.6226592601
12.622653956
12.622653956
12.6226643601
12.6226596515
12.6226495807
12.6226486082
12.6226486082
12.622649272
12.622651782
12.622651782
12.6226545193
12.622654084
12.6226533198
12.6226530277
12.6226531748
12.622653337
12.6226563191
12.6226563191
12.622662183
12.6226622703
12.6226622703
12.6226592306
12.6226579216
12.6226579216
12.6226525147
12.6226534059
12.6226533007
12.6226527201
12.6226550395
12.6226550395
12.6226553137
12.6226514422
12.6226508158
12.6226489056
12.6226495646
12.6226495646
12.6226455796
12.6226549101
12.6226549101
12.6226531197
12.6226543772
12.6226555086
12.6226601057
12.6226596464
12.6226610329
12.6226645847
12.6226655996
12.6226669695
12.6226649778
12.6226648798
12.6226648774
12.6226642456
12.6226646644
12.6226682779
12.6226682816
12.6226682711
12.6226662443
12.6226637525
12.6226635387
12.6226636676
12.6226630423
12.6226626132
12.622667926
12.6226684695
12.6226684695
12.6226703603
12.6226727609
12.6226745099
12.622675633
12.622675633
12.6226721973
12.6226721973
12.6226721483
12.622672911
12.622672911
12.6226698563
12.6226693507
12.6226674027
12.622662594
12.6226630867
12.6226652426
12.6226629717
12.6226629717
12.6226616121
12.6226603899
12.6226603899
12.6226618493
12.6226610954
12.6226590807
12.6226603705
12.6226601281
12.6226629321
12.6226669506
12.622667411
12.6226669239
12.6226669239
12.6226654929
12.6226642464
12.6226626867
12.6226618618
12.6226613941
12.6226603205
12.6226641047
12.6226629198
12.6226608141
12.6226599095
12.6226601143
12.6226614077
12.6226656311
12.6226656311
12.6226629131
12.6226622421
12.6226620608
12.6226596413
12.6226579838
12.6226565192
12.6226575094
12.6226576654
12.6226577489
12.6226553709
12.6226550034
12.6226524229
12.6226575723
12.6226558655
12.622653137
12.6226510857
12.6226510413
12.622653732
12.6226477832
12.6226475501
12.6226458726
12.6226424518
12.6226424518
12.6226394911
12.6226359346
12.6226359346
12.6226325795
12.6226332691
12.6226335199
12.6226328224
12.6226339842
12.6226339523
12.6226370222
12.6226355678
12.6226350456
12.6226371535
12.6226371535
12.6226339476
12.6226354204
12.6226354204
12.6226334272
12.622633226
12.622633226
12.6226334174
12.62263273
12.62263273
12.6226397512
12.6226396136
12.6226394713
12.6226373208
12.6226373208
12.6226402627
12.6226399863
12.6226369373
12.6226363078
12.6226356608
12.6226336697
12.6226305333
12.6226302486
12.6226297756
12.622631986
12.622631986
12.6226315384
12.6226308538
12.6226308538
12.6226376743
12.6226393161
12.6226393375
12.6226372788
12.6226387846
12.6226400054
12.6226394248
12.6226408039
12.6226423625
12.6226402344
12.6226401595
12.6226366707
12.6226353901
12.6226353901
12.6226342423
12.6226297793
12.6226297793
12.6226267069
12.6226279049
12.6226273384
12.6226264486
12.6226255062
12.6226252972
12.6226239563
12.622622219
12.6226195342
12.6226148441
12.6226148441
12.6226132255
12.622613799
12.6226137859
12.6226133464
12.6226118727
12.6226118727
12.6226138396
12.6226119676
12.6226097617
12.6226058677
12.6226072148
12.6226083669
12.6226176729
12.6226179775
12.6226214795
12.6226226056
12.6226255194
12.622626386
12.622626386
12.6226247513
12.6226257867
12.6226262251
12.622624603
12.6226220197
12.622618542
12.6226234187
12.6226233425
12.6226224613
12.6226232151
12.6226271412
12.6226282418
12.6226278343
12.6226297588
12.6226294224
12.6226303584
12.6226317605
12.6226318607
12.6226304814
12.6226324187
12.6226384646
12.6226382196
12.6226382196
12.6226411407
12.622641854
12.6226408813
12.6226379295
12.6226383493
12.6226385181
12.6226384395
12.6226399843
12.6226422201
12.6226425905
12.6226417814
12.6226441464
12.6226419734
12.6226419734
12.6226400227
12.6226359109
12.6226359109
12.6226349747
12.6226332433
12.6226329264
12.622633419
12.622633257
12.622632271
12.6226332487
12.6226331617
12.6226329887
12.6226303188
12.6226303188
12.6226341464
12.6226341589
12.6226370124
12.6226365337
12.6226347
12.6226324755
12.6226332136
12.6226336681
12.6226356671
12.6226354036
12.6226354036
12.6226359836
12.6226355696
12.6226355696
12.6226356683
12.6226357615
12.6226357959
12.6226369854
12.6226358411
12.6226354733
12.6226328426
12.6226305861
12.6226305861
12.6226303292
12.6226288235
12.6226288235
12.6226308693
12.6226274908
12.6226260614
12.6226259326
12.6226247758
12.6226245757
12.6226261132
12.6226253072
12.6226246499
12.6226226527
12.6226217568
12.6226217568
12.6226209286
12.6226211333
12.6226213067
12.6226214655
12.6226210878
12.6226209474
12.6226173986
12.6226173986
12.6226182893
12.6226179446
12.6226177468
12.6226200458
12.6226210762
12.6226210762
12.6226206708
12.6226214483
12.6226214483
12.6226203551
12.6226189625
12.6226189625
12.6226182566
12.6226186017
12.6226187178
12.6226158096
12.6226170625
12.6226193759
12.6226223582
12.6226224635
12.6226236014
12.6226237903
12.6226235546
12.6226235807
12.6226228489
12.6226228143
12.6226225845
12.6226235402
12.6226235402
12.6226238323
12.6226225332
12.6226225332
12.6226225879
12.6226245108
12.6226242928
12.6226210443
12.6226183391
12.6226184048
12.6226197166
12.6226194345
12.6226194345
12.6226171435
12.6226146199
12.6226146199
12.6226159367
12.6226137513
12.6226114275
12.6226109009
12.6226109155
12.6226109573
12.622607906
12.622606356
12.6226056915
12.6226054836
12.6226050732
12.6226041506
12.6226041353
12.6226049832
12.6226068332
12.6226088217
12.6226087393
12.6226116239
12.6226115486
12.6226149414
12.6226152438
12.6226140608
12.6226125743
12.6226128472
12.6226119659
12.6226104397
12.6226113842
12.6226113842
12.6226094705
12.6226090944
12.622608003
12.6226076206
12.6226086237
12.6226090121
12.6226100234
12.6226084352
12.622608144
12.6226079289
12.6226072968
12.6226075412
12.6226092991
12.62260866
12.6226087428
12.6226123732
12.6226135055
12.6226134896
12.6226143632
12.6226133014
12.6226134192
12.6226140143
12.6226117128
12.6226127448
12.6226167917
12.6226172946
12.6226172946
12.6226174516
12.622616217
12.6226156534
12.6226156794
12.6226154892
12.622617248
12.6226152067
12.622615431
12.6226163622
12.6226160475
12.6226160475
12.6226156847
12.6226132334
12.6226122103
12.6226117376
12.6226126737
12.6226149825
12.6226163858
12.6226163409
12.622615264
12.6226191461
12.6226196206
12.6226171693
12.6226180792
12.622618133
12.6226171143
12.6226170676
12.6226162132
12.6226158379
12.6226149971
12.6226136187
12.62261059
12.6226099038
12.6226076924
12.6226048765
12.6226052147
12.6226064004
12.6226094083
12.6226094083
12.6226080477
12.6226093365
12.6226092252
12.6226074698
12.6226086494
12.6226082207
12.6226074548
12.6226036528
12.6226038746
12.6226046445
12.622607166
12.6226074226
12.6226081639
12.6226070421
12.6226069705
12.6226064973
12.622606008
12.622606008
12.6226037296
12.6226035892
12.6226026045
