9.65258872255	0.00157594680786
9.4234030633	0.340573787689
9.52503113944	0.78556895256
9.56508942195	1.23167991638
8.08642606243	1.45963096619
8.97317886861	1.94495582581
9.9222410126	2.586332798
9.6469433588	3.2269179821
9.5216392702	3.58575487137
10.8739368309	4.03076791763
10.8158130816	4.6280310154
10.0732965972	5.29987597466
10.0696560451	5.76924586296
11.4062396577	6.40915679932
11.5534689732	6.74518084526
11.5011904026	7.27809000015
12.2158384128	7.74560689926
12.1533225207	8.17029285431
13.2719105203	8.65124988556
13.0352500454	9.13103699684
13.4632070983	9.59760689735
13.5520860102	9.94470500946
10.3424283663	10.331964016
9.66641608975	10.685461998
9.79921036675	11.1360969543
9.19119899805	11.5100238323
7.6477091805	11.8584649563
11.426234898	12.2444388866
8.14620041478	12.689016819
7.48546392731	13.0662918091
7.79832572894	13.4497787952
8.72302331127	14.0303149223
7.18480067884	14.4444048405
7.04017678599	14.7869617939
7.27572867153	15.2790529728
6.61478405971	15.7273299694
8.08524346811	16.2581489086
8.65778394511	16.7023859024
8.34938348819	17.0442798138
8.90560167558	17.5817568302
7.56681548783	17.9825558662
8.23751282714	18.4161159992
9.9975211372	18.920814991
9.27760021965	19.3331608772
9.98696116305	19.8230528831
11.2906076209	20.3023757935
10.437016031	20.8740899563
9.11420139252	21.18145895
8.99097109156	21.5772869587
8.37788056842	22.0287108421
8.25414152693	22.4369468689
7.38003710056	22.847247839
6.87953650048	23.3377590179
7.07290572854	23.8946049213
5.19784987396	24.2351939678
4.92156168472	24.7945628166
4.75390941301	25.2918589115
5.12378696965	25.6676869392
5.03523353569	26.0733499527
5.44779829956	26.6691818237
7.00194975527	27.1759388447
6.3991841541	27.5608189106
6.29012852067	27.9462838173
6.46953341953	28.3456528187
5.61221861811	28.7262809277
5.46698305203	29.1061868668
5.28381227434	29.5335400105
6.04598841933	30.0869128704
8.40525716897	30.5205249786
8.2918065227	30.9687519073
7.59567152337	31.3339719772
8.07279818296	31.7965350151
7.92168752384	32.1882460117
7.7656788607	32.514966011
6.82049185888	32.8784179688
6.28336423363	33.2529900074
5.76805810088	33.4707458019
5.28690078588	33.8495528698
4.58755584723	34.3026278019
4.13048647826	34.4895567894
4.39299210112	34.8022289276
6.91893717445	35.3124678135
6.26709378503	35.6192569733
6.23087654348	36.1124370098
6.52704061343	36.6883058548
6.24880081648	37.1319849491
7.4582059513	37.6312839985
8.05107122608	38.1099460125
9.74918300428	38.5766148567
10.4378108862	38.9348649979
11.0952711134	39.4057469368
11.4682327152	39.7551779747
11.8034816958	40.0880439281
9.10664579426	40.471768856
8.62493102786	40.9371349812
8.34826496779	41.309224844
9.79009713017	41.7244207859
9.89640017273	42.2243828773
9.762705717	42.6031088829
8.66242428217	43.0988008976
9.24484848397	43.5395708084
7.34051892451	43.7835128307
7.32194366839	44.2902588844
10.6427956977	44.8448529243
8.47533077706	45.2068638802
8.14365693532	45.5801439285
8.21163674951	45.9898979664
8.50132137702	46.4409677982
8.22991676893	46.8305888176
7.80095871403	47.0345139503
7.0508330366	47.3201878071
7.96213001599	47.8438539505
5.7530086642	48.1303129196
6.95652430014	48.4183008671
6.31832024202	48.8405478001
7.97606309591	49.1477108002
8.4073543266	49.5580399036
9.68326051775	50.0561888218
9.50521937504	50.411208868
9.7285997964	50.8639068604
11.2882249084	51.2228639126
10.762012369	51.7595188618
12.4129123067	52.2362267971
10.913758357	52.456001997
10.4414645757	52.8919439316
7.75079093215	53.3496408463
8.0833550191	53.7926390171
6.85419022079	54.1546518803
7.4043286791	54.5614528656
6.1867366581	54.9099099636
6.03898502012	55.2805039883
5.99643837605	55.7076098919
6.02757943967	56.0974318981
6.03392428936	56.4523999691
6.44334880759	56.9421918392
6.2489783062	57.2678489685
5.92356798325	57.711824894
4.90632173477	58.1964309216
5.98469307446	58.5561759472
6.90336453164	58.9535229206
6.59585527106	59.3423578739
6.139034658	59.6036849022
5.7836778738	60.0430958271
5.01882625392	60.4754719734
4.87826559454	60.8341219425
4.79645512621	61.3214848042
5.16274932304	61.8095169067
4.64601431352	62.1912779808
4.18925134865	62.5804889202
4.42051194393	63.0488269329
4.31975394199	63.5093369484
4.60460566959	64.0463359356
4.02173714192	64.5013148785
5.4835228184	64.8404829502
5.24222411039	65.2542250156
4.93458869486	65.5332119465
4.69078353576	65.8055968285
5.16415238782	66.1721010208
5.53397332296	66.5716919899
5.11582204326	66.8065729141
4.66587889902	67.2200059891
5.36387464035	67.5073328018
4.9906571189	67.8670418262
4.96360380524	68.2718539238
5.06885076066	68.6830348969
5.03621483536	69.1265568733
5.43437252864	69.485948801
4.97771781752	69.932379961
4.6815199801	70.3753290176
5.30126609009	70.7824389935
5.25349076021	71.2025649548
4.56446476657	71.5188179016
4.40388698856	71.9114639759
3.94778811387	72.1649270058
3.70517437379	72.4866428375
3.36149414934	72.8563539982
3.1908849029	73.2329528332
3.36662753115	73.6809389591
4.09327151689	74.1320359707
4.36679794406	74.6569538116
4.72651302313	75.0704269409
6.11338776798	75.4916257858
6.15783467577	75.8117728233
6.35056078687	76.2884638309
6.56839319608	76.8145079613
6.63232924353	77.1626420021
6.68136532147	77.5745708942
6.59232987736	77.9197998047
6.4815003373	78.2090189457
6.52509133706	78.5750079155
7.61709195065	79.0749869347
7.05406310405	79.486232996
6.19300611011	79.9132788181
5.96008325983	80.216575861
5.42901101647	80.5166769028
5.32331482695	80.8885579109
5.21808882964	81.2593128681
5.44553561236	81.6090769768
5.33741028431	82.0309939384
4.809639716	82.2812008858
4.22402444787	82.6118068695
4.83482922478	83.0276730061
4.64834056618	83.2749450207
4.16757462365	83.548281908
4.05585028607	83.9238739014
4.35371730138	84.4713988304
3.95186300317	84.8202149868
3.76803940215	85.1892910004
3.55908340269	85.6214959621
3.98861549451	86.0851099491
4.17145122902	86.3882749081
4.01177629356	86.8347139359
4.25544066806	87.1507089138
4.03271434208	87.4418838024
4.09747100913	87.9181339741
3.9047848999	88.314552784
4.25016314091	88.4943568707
4.10089275182	88.8903698921
3.76841667797	89.1398448944
3.92897448363	89.5454368591
3.8938784308	89.9701209068
3.68086241651	90.407353878
3.91003381587	90.7343130112
3.894247483	91.0099599361
4.10610656987	91.4137909412
3.52706500317	91.7417869568
3.35849375998	92.077559948
3.21592966948	92.4817349911
3.19699684975	92.8479678631
2.98437061609	93.1528468132
3.29470549436	93.4139118195
3.63484593026	93.8682098389
3.58692885845	94.1188528538
3.36119863752	94.5246779919
3.45784008902	94.9895989895
3.37781477879	95.3758039474
3.48518916728	95.7810139656
3.61413245104	96.1894409657
4.51987758522	96.6557159424
4.48922320002	96.9574189186
4.55659926557	97.1940808296
4.56716894194	97.5285499096
5.24807434511	97.9486808777
4.55350710721	98.2752289772
4.78322731279	98.7519629002
4.87397316195	99.1850237846
4.51022379389	99.6325387955
3.76443757083	99.8916578293
3.68920329448	100.365880966
3.50318094931	100.613358021
4.45300213548	100.975047827
4.92040049391	101.301356792
4.79196142199	101.608287811
4.84970155307	102.032738924
4.57432011109	102.456749916
4.42459252904	102.770745993
4.74254923503	103.182175875
4.25527348443	103.525025845
4.22694392471	103.901632786
4.45141161936	104.356144905
4.44640443531	104.727477789
4.22493214504	105.072170019
5.08514018598	105.527644873
5.06403513965	105.884325981
4.75307905216	106.225365877
5.3041994988	106.604061842
5.95544063682	106.961157799
6.70168129938	107.369077921
6.91687272179	107.830238819
8.72423960766	108.291512966
7.40171465141	108.505231857
6.92591244688	108.889836788
5.98649681643	109.097306967
5.64496440249	109.444649935
5.10431626437	109.877709866
4.65572752481	110.260793924
5.09188251016	110.67035985
4.51154662318	111.007002831
4.58049548886	111.430508852
4.28671917222	111.833873987
3.93898174777	112.1967628
3.7568239393	112.564862013
3.9777808968	113.017010927
4.06354158147	113.340322018
3.94409311022	113.764428854
4.07811059259	114.280853987
4.14248274681	114.638866901
3.84721335649	115.029580832
4.35773021553	115.359991789
5.20563380997	115.727244854
4.70910215634	116.031772852
4.57238982005	116.446858883
4.99548207583	116.821589947
4.90637384163	117.222337008
4.73374031691	117.648984909
5.08571594191	118.11123395
5.02782884355	118.409149885
4.70957388578	118.693151951
4.68917001998	119.107095957
5.26966238958	119.342894793
5.41448659853	119.752874851
5.31996575332	120.112754822
5.01690132993	120.552310944
4.7726656045	120.86726284
4.79067890408	121.142375946
4.692862872	121.566212893
5.26903432156	121.90930295
5.34906050111	122.338842869
5.78565715601	122.747951984
6.06087636942	123.085410833
6.23705771639	123.403132915
6.9813769469	123.734140873
5.71589930697	124.237357855
6.71924471693	124.626035929
6.00897140709	125.005781889
5.53492543214	125.283511877
5.39048879032	125.674235821
6.35647992526	126.164851904
5.43082138125	126.547171831
6.29959402953	126.897536993
5.66394677868	127.160001993
5.2832161685	127.53529501
5.05375741653	128.042054892
5.21735165256	128.432829857
4.94437339849	128.701352835
5.03789610762	129.133922815
4.74694444687	129.43274188
5.56431138781	129.715578794
4.83685179799	129.971692801
4.48543052574	130.450045824
4.5616728265	130.798055887
4.34378046468	131.155200958
4.02309325714	131.462988853
4.59261106819	131.826691866
4.49894615423	132.052549839
4.34846904183	132.410856009
3.91480693721	132.886683941
4.44711125496	133.199801922
3.90390207712	133.451210022
3.74144705576	133.832481861
4.45022845918	134.32019186
5.1048224993	134.700589895
4.7625284374	134.993541956
4.54201302196	135.310743809
4.69527087614	135.646456957
4.64084173547	135.98998189
4.96340621495	136.295324802
4.48396816262	136.627952814
5.94177772179	136.89962101
5.49641147322	137.233896971
5.56672934778	137.527109861
6.00718273596	137.893688917
6.12505838553	138.125262976
6.51065589954	138.562141895
6.44836200351	138.928727865
7.02204661763	139.378538847
7.3275328398	139.793691874
6.99860723188	140.138753891
7.24547546899	140.554162979
6.6317758012	140.99692297
6.49212195872	141.360132933
7.08831934374	141.759403944
6.26618527143	142.119325876
5.84246694895	142.379745007
5.49094871233	142.774315834
5.05799392951	143.150074959
4.83816980766	143.547417879
5.05000684179	143.866329908
5.05792016806	144.229017973
5.67522404778	144.699416876
5.58579586266	145.030998945
5.41473285	145.464033842
5.17109739609	145.782222986
4.53751986635	146.216090918
4.52130654549	146.485483885
4.56096187529	146.80179882
4.74645954164	147.177788973
4.61586760586	147.526177883
4.62918272804	147.771384954
4.69805862361	148.12804389
4.46836729444	148.522292852
4.04309521916	148.856361866
4.04002413263	149.132478952
3.74590929282	149.446478844
4.3349603165	149.90844202
3.88090918609	150.140046835
3.6187668875	150.529999971
3.33771339774	150.790467978
3.29824399525	151.1754179
3.20960153883	151.561820984
3.12241070781	151.78964901
3.45520969634	152.235866785
3.21907839619	152.598901987
3.29642478098	152.88654685
2.92385618811	153.290471792
2.9963038503	153.703835011
2.93592204016	154.139616966
2.78908333253	154.414882898
2.72176917893	154.600608826
2.90599740453	155.0768888
2.71680759205	155.451498985
2.84360875183	155.675309896
2.7491059812	155.97308588
2.67254381642	156.249745846
2.81402767227	156.608536959
2.96233875967	157.052438021
2.80417457191	157.318847895
2.55733222283	157.604962826
2.88551074513	157.869989872
2.81397055127	158.256505966
2.69104128836	158.623554945
2.90142730487	158.940881968
3.01644354716	159.292507887
2.97185992808	159.571204901
3.32878316658	159.933235884
4.15732039313	160.29082799
4.34900034007	160.684764862
4.37627683488	161.136365891
4.13005770159	161.573089838
4.60198904891	162.075199842
4.59680967324	162.363250971
4.91353809051	162.70616889
4.62703669762	163.05388093
4.23567353214	163.416288853
4.45671160324	163.816771984
4.2367809054	164.128390789
4.2388931624	164.380038977
4.52675868295	164.765347958
4.27976387292	165.164016962
3.89939047658	165.523736
4.07076310304	165.916420937
4.4545771469	166.222164869
4.36645035773	166.666319847
4.0711006503	166.93432498
4.10882964612	167.367249012
4.01807771124	167.747941017
4.0577114899	168.090082884
3.62705441676	168.40128088
3.68249242334	168.768222809
3.49175985827	169.152159929
3.88343050041	169.545400858
3.97242720164	169.963022947
3.7300948595	170.258956909
3.76184532591	170.578685999
3.12605245344	170.90376997
3.97093265917	171.283353806
3.7288264594	171.665388823
3.82565470477	171.98506999
3.65497151348	172.270962954
3.54234267963	172.460166931
3.37539507029	172.757871866
3.31062112996	173.042329788
4.07079367162	173.402503014
4.21268067228	173.64911294
3.67909473906	173.996668816
3.71385642745	174.48196888
3.5157139692	174.764703989
3.28290692145	174.968016863
2.98657543202	175.298907995
3.2738692542	175.630245924
3.11137342434	175.891421795
3.52441409202	176.302140951
3.73656071567	176.662277937
3.65700045402	176.960300922
3.60640795699	177.420667887
3.84059557345	177.740683794
3.56083097113	178.105872869
3.41382975858	178.434886932
3.5087995736	178.712253809
3.79174355149	179.124902964
3.88122947537	179.532380819
3.8591758798	179.87262392
3.90073012517	180.158012867
3.28785958516	180.383008957
3.58275222882	180.76847291
3.48414508009	181.120177984
3.49434474797	181.525769949
3.41399908001	181.78302598
4.4102084783	182.165381908
4.32608367124	182.443622828
4.84456214611	182.770600796
5.12992956891	183.132963896
4.77033578139	183.458323956
4.69391436085	183.822544813
4.73433114127	184.157817841
4.60279354291	184.466103792
4.16920871859	184.757763863
4.41018293305	185.097805977
4.42227897404	185.568463802
4.28167497234	185.974064827
4.12054822945	186.134184837
4.71788010478	186.581517935
4.45470992738	186.853681803
4.13645308972	187.219612837
3.63474398778	187.536990881
3.75088186993	188.041592836
3.77848888742	188.401012897
3.85369537678	188.799208879
3.74445227225	188.979755878
3.57268522923	189.300271988
3.42755396364	189.720705986
3.11587180532	190.118242979
3.09760487744	190.425630808
3.00774453405	190.828880787
3.11332956516	191.2410748
3.17719750592	191.68952179
2.8328459973	191.99689579
2.74609073405	192.28438592
2.79904228083	192.601828814
2.82306284076	193.051826954
3.16144149719	193.414178848
3.18927699503	193.873198986
3.58486205755	194.313325882
3.50004265615	194.654092789
3.3892002588	194.981530905
3.74820125823	195.294754982
3.77546149007	195.666069984
3.71973675428	195.945333004
3.98454495852	196.278509855
3.95777649598	196.580113888
3.8431835926	196.884836912
4.98595825351	197.281864882
4.52842287292	197.6989398
4.33331527964	197.946583986
4.15762747114	198.143339872
4.24316408594	198.577825785
4.2192913455	199.049255848
3.9562832078	199.455253839
3.7297037178	199.679268837
3.50782496395	200.072572947
3.82260005544	200.452877998
3.87210562542	200.811769962
3.4869810212	201.201591969
3.95889378362	201.546960831
4.07096890087	201.981723785
4.29827387191	202.345654011
4.30556888867	202.587075949
4.25478954871	202.998327971
4.21990491965	203.256608009
4.21450947514	203.605195999
4.28231695073	203.881700993
3.9200956284	204.221927881
4.00601143074	204.488878965
4.07530385138	204.745131969
3.9200217597	204.99324584
4.1044108374	205.417447805
4.23190721675	205.741468906
4.37728024083	205.922834873
3.96700068635	206.196730852
3.86423834448	206.396897793
4.01859835895	206.760989904
3.78618669985	207.174860954
4.05269416297	207.577700853
3.63091200794	207.946576834
3.62768271915	208.222591877
3.88491114793	208.649633884
4.03639472142	209.040131807
3.73469674935	209.322320938
3.73922851869	209.649845839
3.74718391506	210.05626893
3.99942877338	210.458733797
4.3792249054	210.858789921
4.28853595988	211.270404816
4.30674029362	211.6022439
4.24006074239	211.896456957
4.36317240835	212.212249994
4.29875418517	212.579626799
3.72245329903	212.972121954
3.80438307089	213.358550787
4.41815626879	213.668564796
4.3635969975	214.017648935
4.87299174354	214.391379833
4.79708047883	214.727003813
4.26456553375	215.181635857
3.9508367737	215.528820992
3.98838666916	215.97495389
3.75375524531	216.384738922
3.73196963313	216.680235863
3.96539449693	216.939967871
3.84666547972	217.212162018
3.90653992685	217.667213917
3.74000503606	217.951239824
3.82671279583	218.312274933
3.55608447559	218.600983858
3.1798529476	218.958558798
3.50100142514	219.24868083
3.10843771504	219.502991915
3.18010174865	219.793725967
3.32502336479	220.156708956
3.30306270117	220.463817835
3.26760445875	220.797098875
3.35934985406	221.113040924
3.24826754844	221.476410866
3.6852526267	221.935441017
3.90119390382	222.255133867
3.73245840632	222.523617983
3.8523801899	222.980989933
3.68246137633	223.367702007
3.47694149628	223.67334795
3.26460302717	224.068041801
3.20043557857	224.364391804
2.89913493452	224.683529854
2.93557645083	225.023646832
3.1650446054	225.412510872
3.12581304399	225.657385826
3.16997643568	226.012117863
3.46634410573	226.441172838
3.55906642444	226.850756884
3.69731049129	227.148625851
3.62791708	227.541991949
3.64606670244	227.861287832
3.34525417862	228.106155872
3.68226270692	228.377941847
3.69635457825	228.766184807
3.63217908695	229.209536791
3.47016128108	229.547454834
3.50546280562	229.850228786
3.38748098917	230.122005939
3.20547996896	230.43718195
3.45692617221	230.749541998
3.35150099689	231.061264992
4.080928572	231.417109013
3.86282824251	231.730412006
3.85501629052	232.026908875
3.90399465352	232.217567921
4.34424118688	232.685616016
4.51575152095	233.024736881
4.62159783919	233.338297844
4.86813135978	233.817689896
5.60136443121	234.204957962
5.32092795504	234.52301693
5.31929909014	234.915453911
5.12646124483	235.138320923
5.27482602383	235.472184896
5.32038382544	235.807175875
5.35914941119	236.175341845
5.57115245855	236.460232019
5.27489609077	236.776479006
5.07686129163	237.123608828
4.51645273608	237.414282799
4.75621866322	237.860417843
4.57277437045	238.14842701
4.39370439281	238.433630943
4.5016433916	238.843719006
4.51559715527	239.148966789
4.17641987891	239.588935852
3.98290357148	239.972847939
3.81408217229	240.33464694
3.50639049893	240.720001936
3.44249916565	240.940189838
3.81810796476	241.359241962
3.54841113199	241.711510897
3.72194301701	242.07017684
3.82597987387	242.447071791
3.9732061608	242.854808807
3.90030532248	243.203620911
3.98130248681	243.530309916
3.89247654334	243.862901926
3.93646799333	244.271497011
3.94939687212	244.645727873
3.66333935342	245.096207857
3.67364332872	245.49463582
3.76033484746	245.897460938
3.8534965706	246.134552956
3.66729507022	246.397912979
4.00795805118	246.762542009
4.18988021007	247.108982801
4.06849793922	247.394105911
3.839276504	247.769382
3.9787730172	248.197307825
3.81721566619	248.576557875
3.84872037774	248.99708581
4.12426851229	249.428632975
4.09062714608	249.833433867
3.90226342303	250.169880867
4.17323849721	250.43409586
4.11930017868	250.760723829
3.87467099691	251.107689857
4.12155792243	251.373538017
3.60837471846	251.7183218
3.56275226593	252.101229906
3.55613413935	252.461524963
3.76508451997	253.135720968
3.81997061396	253.390762806
3.72091001857	253.666262865
3.29057061607	254.042445898
3.15809624325	254.36845994
3.70039404102	254.656841993
3.50948568859	255.000517845
3.7807046053	255.341840982
3.98368732125	255.637280941
3.55913448853	256.001583815
3.36679381773	256.36400795
3.57509635833	256.761221886
3.82133512109	257.116056919
3.99124355532	257.421291828
4.04021111769	257.824600935
4.33660252195	258.279246807
3.98457346591	258.515568972
3.76024412622	258.851975918
3.70040624503	259.059998989
3.99650123474	259.394608021
3.9491553439	259.780943871
4.34450555549	260.128047943
4.17929085286	260.284918785
4.28827134145	260.601336956
4.66063421747	261.037414789
5.09333009817	261.473037004
5.17925651383	261.726924896
4.77145659317	261.929965973
4.21726963643	262.290905952
4.04511391026	262.583833933
4.11548393758	262.958827019
4.28354572426	263.17610383
4.27505936532	263.501976967
4.03356693286	263.796200991
3.99868795519	264.016080856
4.1818990976	264.376442909
3.9326063817	264.801405907
3.49923423261	265.109470844
3.44322355211	265.371804953
3.46150426752	265.701683998
3.76863445695	266.042929888
3.97168237657	266.516372919
3.88288397544	266.969793797
4.10606552719	267.391343832
3.81055911189	267.820514917
4.29431631704	268.177068949
4.07025368264	268.416278839
4.12103583075	268.807796001
4.25695240956	269.183218002
4.44994818533	269.443464994
4.86955056429	269.831632853
5.14442531517	270.224203825
4.93583368405	270.538885832
4.48981009074	270.738874912
4.82050035626	271.088310003
5.00100702432	271.474048853
4.87860137774	271.826206923
4.52664173017	271.996770859
4.577172534	272.404471874
4.45716289949	272.721696854
4.48981258701	272.959626913
4.30371413283	273.315411806
4.18650362174	273.567027807
4.1593544292	273.839947939
4.07107074592	274.142265797
3.85871470406	274.495198011
4.62458967375	274.922407866
4.31706342961	275.159554958
4.51475670774	275.428645849
4.17462836973	275.788230896
3.88252174149	275.947832823
4.22814079673	276.295741796
4.48622226405	276.603493929
4.70535138233	276.972255945
4.54663935071	277.19161582
4.44332129145	277.43915391
4.15355372206	277.801569939
3.94419387387	278.09480381
3.88430613255	278.379766941
3.69955929014	278.717156887
3.84564805598	279.186211824
3.69075280802	279.375221014
3.81915266379	279.775418997
4.4566271172	280.104176998
4.44776734021	280.393240929
4.39645884921	280.701880932
4.43403234959	281.012908936
3.96064220361	281.334160805
4.01867677157	281.752678871
3.88002035837	282.069587946
3.81059656907	282.394842863
3.68758480958	282.633911848
3.75013730747	283.048991919
3.89754219296	283.457762003
3.94556674557	283.762708902
3.80557381106	284.045928955
3.75601224148	284.39137888
4.08939579634	284.776161909
3.97840642222	285.104508877
3.67992662678	285.449795961
4.08876928085	285.74257493
3.93564684332	286.037000895
4.24320764104	286.367532015
4.20292338123	286.669759989
4.30120722328	287.032185793
4.57550579693	287.52462101
4.83052760395	287.889712811
4.86010845299	288.26551795
4.82184072455	288.653592825
4.48975021026	288.915893793
4.19382665695	289.259504795
3.96316039884	289.590722799
3.9443518053	289.926458836
3.71273103768	290.2038908
3.57275054471	290.565512896
3.7465658698	290.809440851
3.84579033065	291.121115923
3.75267498901	291.413993835
3.73376605643	291.725765944
3.64884772962	292.060674906
3.42086355578	292.374887943
3.38210717911	292.731287956
3.26928276244	293.00600481
3.31891924307	293.235009909
3.28167253196	293.530078888
3.64821673743	293.789861917
3.55907882028	294.066885948
3.56777140253	294.364813805
3.77605675573	294.774600983
3.83847369873	295.173000813
3.93704908442	295.462203979
3.86747741579	295.777846813
3.78134080625	296.031921864
3.60375554329	296.361892939
3.77818708995	296.634357929
3.74473062504	297.108574867
4.15363461192	297.414727926
4.28056406693	297.642567873
4.31076938222	297.932767868
4.66976282402	298.234799862
4.52365758491	298.594310999
4.64017683026	298.97414279
4.30950851012	299.198741913
4.43979252758	299.547304869
4.78273419644	299.9459939
4.50574162719	300.257927895
4.88246414067	300.63638401
5.24164519083	301.024423838
5.03721696345	301.387972832
5.16135107325	301.784212828
4.89295423661	302.083606005
5.11151344766	302.371927977
5.91379959681	302.814565897
5.81306361061	303.192890882
5.81219192366	303.450200796
5.53854571348	303.786056995
5.71997853171	304.181074858
5.74431707196	304.58997798
5.94741726769	304.90268302
5.93397568616	305.165675879
5.64769807872	305.541085958
5.44515896396	305.84582901
4.50887106044	306.232147932
4.03869092546	306.571074009
3.78726850349	306.868886948
3.81613320309	307.07990098
3.76699675464	307.356673002
3.59810166177	307.770110846
3.70145841694	308.112596989
3.64830503145	308.436219931
3.33733042042	308.631020784
3.34133930822	308.856549978
3.20994142004	309.19585681
3.44187796147	309.600896835
3.3909974673	309.916420937
3.47578046253	310.277645826
3.5004281221	310.56427002
3.66610777026	310.965215921
3.89378044028	311.450948
3.7024154414	311.826752901
3.77493410995	312.172287941
3.79645736755	312.484239817
3.94260286374	312.87567687
4.34096731217	313.295904875
4.47461745085	313.567103863
4.5960655028	313.96468997
4.03136363572	314.204580784
3.9634327026	314.466830015
3.87543436452	314.746056795
4.30333896314	315.12034297
4.02178431592	315.39435482
4.10858186093	315.782331944
4.03165089435	316.164135933
4.03280498956	316.384841919
3.94741187583	316.640996933
4.17194446458	316.986531019
4.19006117268	317.385659933
3.99549599611	317.751930952
4.16929247699	318.022110939
4.29005483329	318.390419006
4.16706909859	318.775378942
3.7926534296	319.162650824
3.7754700332	319.503425837
3.97727567631	319.852334976
4.07430751617	320.134166002
4.06454430531	320.4511199
4.30137119771	320.849876881
4.29271074621	321.25493288
4.15022308761	321.470927954
4.43065269444	321.914259911
4.01416157604	322.315612793
4.13982437875	322.646787882
3.90665287122	322.938796997
3.47796993501	323.241721869
3.59694369151	323.520798922
3.49050230095	323.807249784
3.37269294571	324.228991985
3.25993473617	324.596364021
3.27741715479	324.86122489
3.22742884376	325.161264896
3.30386425243	325.624177933
3.29775718266	326.023574829
3.60368768306	326.459805012
3.61617247216	326.829865932
3.60563001992	327.113127947
3.73480807264	327.546208858
3.39060597254	327.790339947
3.26494476119	328.175356865
3.16660592351	328.576429844
3.09630312787	328.938128948
2.97457523823	329.327672958
3.50009810291	329.695045948
3.70069641294	330.098716021
3.7845393962	330.415893793
4.11232231892	330.711581945
4.142369846	330.962599993
4.1395841301	331.231305838
4.28660669841	331.546914816
4.35018712837	331.960475922
3.90408032274	332.228249788
3.68767161568	332.49303484
4.10509553364	332.748174906
3.7763757494	333.101991892
3.54245346548	333.429730892
3.44777759979	333.745950937
3.55400286566	333.968124866
3.38309579285	334.320025921
3.30734443732	334.562308788
3.56382338904	334.971009016
3.40206232054	335.263108015
3.04296645951	335.522738934
3.31119291778	335.822781801
3.41848914731	336.222347975
3.56551933838	336.556649923
3.50498833518	336.930827856
3.63239112592	337.298825979
3.47079392329	337.608596802
3.57396485615	337.986567974
3.80091517008	338.409338951
3.86810398995	338.660470009
3.4972225078	338.95904398
3.31817599499	339.153206825
3.5557295981	339.566618919
3.60250914494	339.952374935
3.79986117823	340.324621916
4.05543519168	340.625730991
3.87229671784	340.887681007
3.72106431582	341.164121866
3.99042277519	341.638098001
3.94972170571	342.009357929
4.14834648536	342.403281927
4.27799933109	342.772363901
4.23197447008	343.146661997
3.91568818489	343.478851795
3.82112979845	343.730595827
3.54449132578	344.047101974
3.34308821829	344.401054859
3.58283966239	344.804114819
3.45801690745	345.218336821
3.39116701369	345.445276022
3.63913245515	345.778891802
3.73129128794	346.110278845
3.86379792378	346.472354889
3.98148308243	346.89509201
4.39862306976	347.368615866
4.20719386231	347.754666805
4.25233548789	347.953746796
4.12810361301	348.137214899
4.03824583271	348.579298973
4.52983401118	349.021971941
4.97717638451	349.452677965
4.83302312204	349.826453924
4.54661320204	350.109201908
4.38305288392	350.350239992
4.69687007457	350.70994091
4.35596163644	351.076846838
4.35560845297	351.298023939
4.15056912083	351.666612864
4.16126735567	352.007254839
4.19780022928	352.32178092
4.00712287168	352.525244951
4.12027727044	352.855538845
3.9502144597	353.066617012
3.73075781819	353.366972923
3.60106707715	353.725833893
3.53392397908	353.992301941
3.56065248733	354.341413975
3.67839681687	354.730549812
3.81678689146	355.086205959
4.07850860214	355.376052856
4.15203742859	355.776947021
4.51661831197	356.067485809
4.38271358652	356.468494892
4.34827815657	356.96419692
4.38143984228	357.252282858
4.20936894434	357.594844818
4.263398489	357.870343924
3.85044189411	358.321223021
3.6462478523	358.476235867
3.5997848207	358.716841936
3.64956974806	359.011600018
3.72214046384	359.324906826
3.61439395972	359.665688992
3.93289664295	359.92137599
3.86359041315	360.302423954
4.10922195883	360.700122833
3.92169294112	361.083077908
4.07634706142	361.408113003
3.91305744981	361.788885832
3.88075783628	362.127168894
4.52980212636	362.532575846
4.2509851898	362.952590942
3.93480214287	363.262308836
3.80882412548	363.465420961
4.27475057071	363.880781889
4.45226325688	364.212790012
3.9235846437	364.593491793
3.9309404394	364.888161898
4.00414789041	365.202702999
4.02280237648	365.563589811
3.96538408212	365.96973896
4.16854215796	366.315088987
4.03181080171	366.495980978
4.12038455244	366.793433905
3.79258112489	367.09770298
3.83589990025	367.494740963
3.7533559057	367.895020962
3.89637369812	368.222560883
4.12551274387	368.602890015
4.32209765315	368.939425945
4.30570262973	369.33987999
4.21964664987	369.712267876
4.22207773721	370.108122826
3.93313616366	370.28762579
3.7837679333	370.56948781
3.78476537352	371.009683847
4.15888386953	371.334903955
3.8042006492	371.659026861
3.6232003634	372.062501907
3.561902285	372.288620949
3.44390754334	372.605157852
3.60343808921	373.040534019
3.71554326041	373.393814802
3.54859971305	373.677063942
3.28688639485	373.965608835
3.38321811321	374.259521008
3.58560011868	374.607257843
3.40275815413	375.012163877
3.2613177208	375.336596966
3.3142405983	375.713559866
3.38611524478	376.079909801
3.51495918835	376.337311983
3.51959834644	376.577724934
3.69260109767	376.942253828
4.08767620556	377.271144867
3.89728880773	377.458474874
3.79644008662	377.787095785
4.15060356674	378.191679001
4.33906510895	378.464660883
4.4375556623	378.853521824
4.62622933056	379.235133886
4.38907859573	379.55616188
4.35396380705	379.826987982
4.33364615902	380.127405882
3.91023517319	380.319619894
3.87054625324	380.719236851
4.00911294439	381.134773016
3.93687893402	381.524019957
3.93964398149	381.915704966
3.75757543158	382.260440826
3.61961120718	382.483989954
3.51659572784	382.826608896
3.52052634174	383.214792967
3.70892612901	383.59697485
3.77509395757	383.911949873
3.78873946583	384.138567924
3.66101724094	384.529760838
3.67008207603	384.861816883
3.58923580487	385.171677828
4.1807337847	385.48919487
4.10109862361	385.804519892
3.7725782041	386.021546841
3.46633685159	386.321430922
3.21104255825	386.725753784
3.23666412485	387.065565825
3.4263103472	387.388212919
3.26121097527	387.701236963
3.2831298738	388.011548996
3.19036269629	388.283285856
3.02113945888	388.546762943
2.92008524328	388.748966932
2.90171625376	389.094646931
2.87025264336	389.547425985
2.96259154708	389.943621874
3.29811103972	390.308298826
3.24170128878	390.54287982
3.12712597477	390.853842974
3.08045854867	391.122834921
3.00727693211	391.51135087
3.04111860924	391.835713863
3.13970444872	392.180424929
3.0783161458	392.522400856
3.14271907697	392.857555866
3.16980334501	393.167135954
3.04309349533	393.439409971
3.11276310127	393.833674908
3.38177023279	394.126905918
3.30311236467	394.387666941
3.46036274724	394.719641924
3.36944645404	395.030165911
3.16922534721	395.252344847
3.30366861904	395.517925978
3.37378320139	395.877388
3.31978844182	396.233987808
3.36468730558	396.597744942
3.42146995044	396.983850002
3.50259070167	397.250034809
3.65425356108	397.64888382
4.05157077823	398.038292885
4.07269632492	398.478173971
4.08336478345	398.847057819
4.16450321729	399.145287991
4.10967701779	399.463039875
4.3191302883	399.811949968
4.59581037421	400.089626789
4.58236243342	400.405012846
4.48189731187	400.783273935
4.24158405012	401.074538946
4.20921724686	401.424888849
4.21631128018	401.682618856
4.20047535474	401.989760876
3.88975258869	402.326344013
3.9590593324	402.671674967
3.93029778526	403.040687799
4.02549247426	403.425386906
3.84215916568	403.741376877
3.8750576832	404.189035892
3.83230117615	404.459738016
3.66584094778	404.771992922
3.69155190191	405.082340002
3.73558748847	405.452266932
3.88314338759	405.812572002
3.81524729024	406.167371988
3.4443471435	406.486540794
3.42701321803	406.885568857
3.32676589147	407.225629807
3.53219964684	407.457144022
3.59618799791	407.846014977
3.78211110984	408.186702013
3.58271658586	408.564261913
3.76391586137	408.901348829
3.72545703322	409.23087883
3.86177763942	409.589263916
3.90759108264	409.921760798
3.82642012637	410.251412868
3.77275353773	410.386376858
3.8738649743	410.742151022
3.7726769842	410.911644936
3.74348912034	411.235747814
3.84446454492	411.488634825
3.89150224592	411.792241812
4.14267755822	412.011948824
3.66805506495	412.381019831
3.53486065518	412.745242834
3.67778109823	413.095240831
3.42464464082	413.381259918
3.74314511957	413.744566917
3.72151592342	414.119799852
3.89837144958	414.437884808
3.7928533826	414.934146881
3.84063472537	415.360183954
3.64166660075	415.820671797
3.57503847208	416.148909807
3.68497014545	416.514199018
3.4567081307	416.920960903
3.46199277356	417.345146894
3.80776824122	417.675776005
3.71472403638	418.077574968
3.54069272065	418.456475973
3.45094545678	418.786224842
3.66108734255	419.176970005
3.7396124888	419.392182827
3.45115609869	419.657686949
3.76499056802	419.946099997
3.73086140617	420.327425957
3.85448941207	420.715402842
3.89805746528	421.18678689
3.98061703384	421.419704914
4.08347024656	421.711289883
3.94907767684	422.028813839
3.99237699731	422.351948977
3.89126903265	422.632474899
3.74445761323	423.060029984
3.93031330585	423.44440794
3.97894357709	423.777257919
3.79645990143	423.975399017
3.98722238918	424.224963903
3.7892278149	424.477366924
3.73066892661	424.782461882
3.65036271631	425.045845985
3.72507623297	425.468819857
3.89277055643	425.846242905
3.96023408547	426.164830923
3.88407650962	426.466531992
4.15034387774	426.891976833
4.19618992937	427.280766964
4.32784532275	427.535501957
4.25759288959	427.798033953
4.0823081725	428.120345831
3.97325028532	428.359977961
3.95710918985	428.732486963
3.98840997624	429.050890923
3.81052201281	429.297712803
3.94418069104	429.62229085
3.91750832473	429.939267874
4.1727470511	430.234013796
4.11212958858	430.536193848
3.90250654537	430.887619019
3.69932996296	431.134970903
3.84172841097	431.489506006
3.66096335403	431.788560867
4.0399585366	432.188558817
4.40678082111	432.606293917
4.74248470997	433.088846922
4.79867416986	433.348568916
4.66521733226	433.769040823
4.43411331543	434.203421831
4.16701938923	434.532104969
4.04297061687	434.805955887
4.11420216948	435.06466198
4.37288672323	435.400798798
4.21711558545	435.718092918
4.24815980415	436.04874897
3.89965945285	436.291581869
3.80175832416	436.642249823
3.49562865781	437.025736809
3.50456477737	437.307701826
3.41456219947	437.686542988
3.34943226942	437.954087973
3.56264699978	438.360480785
3.67605851616	438.615851879
3.8214434634	438.993259907
3.92598390036	439.304550886
4.14840105485	439.686779976
4.08323232901	440.025071859
3.81895450879	440.269315004
3.76516414952	440.551347017
3.99436583006	440.994611979
3.9119754005	441.243809938
3.86557596875	441.506836891
3.90093295983	441.882485867
3.83026422278	442.09474802
3.80638180972	442.427999973
3.82391664799	442.789537907
4.31139419668	443.158452988
4.00311636237	443.508213997
4.05110684625	443.889597893
4.01008117648	444.092547894
4.08710143635	444.391129971
4.36638406737	444.780838013
4.17180703834	445.104583979
4.44749023564	445.446588993
4.42137373822	445.750703812
4.36772918746	446.088851929
4.14652200767	446.430022001
4.13913806696	446.758732796
4.06914438478	447.126780987
4.19974705372	447.497870922
4.05208396133	447.905841827
3.94175725893	448.358862877
3.9348929685	448.695483923
4.20133054085	449.082670927
4.08411565289	449.402547836
3.92750273625	449.790924788
4.05359984104	450.164567947
3.74406174005	450.397699833
3.78975234595	450.676510811
3.80369540289	450.945971012
3.85600785157	451.296634912
3.87630093626	451.53814292
4.07621740248	451.910926819
3.98223093147	452.242594957
3.88779313102	452.577572823
3.70105051803	452.980984926
3.77418505382	453.31187582
3.76542906426	453.613941908
4.13059359015	453.931429863
4.35648224443	454.34185791
4.56318046248	454.673820972
4.42007221272	454.857456923
4.59015170919	455.25906682
4.34426858696	455.480832815
4.4494405923	455.874346018
4.17040363195	456.210306883
4.16078901739	456.583256006
3.9967618783	456.791330814
3.82072688663	457.10629797
3.91854660239	457.461565971
3.63112216733	457.831823826
3.47814075802	458.175944805
3.54856369404	458.484166861
3.57885785529	458.692920923
3.85806937981	459.114168882
3.82623826551	459.415493965
3.86630414799	459.837726831
3.98688537293	460.1833148
4.00360395184	460.438748837
3.89129811848	460.799209833
3.9190739467	460.980865002
3.99598630766	461.255939007
4.27080674359	461.622631788
4.08803109678	461.984391928
3.95100434437	462.275280952
3.97287391983	462.603490829
3.99779858606	462.92663002
4.03090743962	463.328670979
4.00757888471	463.787087917
4.32907505007	464.091656923
4.31042493774	464.518362999
4.16503297939	464.835258007
4.06779630884	465.23800683
4.48059494361	465.515542984
4.62373298246	465.91207695
4.74958785626	466.280463934
5.00776601179	466.621110916
4.75029616504	466.938862801
4.89245809574	467.236492872
4.81302848959	467.5640378
4.87221767746	467.95875001
4.25314273676	468.338900805
4.11871355796	468.687168837
4.35459734406	469.09117198
4.27743310369	469.546887875
4.34234242007	469.848626852
4.435296522	470.168713808
4.17254021118	470.463030815
4.0519406595	470.682943821
4.0330082904	471.058520794
4.0884319592	471.3496418
4.13658980698	471.722756863
4.04786492317	471.991292953
3.99087502084	472.291493893
3.99122138366	472.531859875
4.47943567104	472.884404898
4.33282404825	473.06853199
4.48373082341	473.465605974
4.76666466975	473.819332838
4.48299082549	474.166989803
4.45719025017	474.452049017
4.19475701296	474.907849789
4.13998353657	475.287277937
4.22802041202	475.66641593
4.51658427645	476.100178003
4.21768427953	476.429390907
4.4952949798	476.743919849
4.52711965913	477.09257102
4.48802852221	477.383706808
4.52898604707	477.682343006
4.5710303616	477.943898916
4.52818631546	478.382196903
4.61644188337	478.816745996
4.56615443665	479.110669851
4.66379705513	479.516230822
4.82574722299	479.800981998
4.65633207565	480.120697021
4.20076588881	480.347021818
4.09058724093	480.667198896
3.89258935864	481.051168919
4.22869068429	481.35511899
4.14775443851	481.633888006
4.06565511781	481.848024845
4.11227261938	482.180248976
4.2811767967	482.550472021
4.07296297061	482.754465818
4.05783229228	483.176190853
4.23862847375	483.55484581
4.02343732614	483.874848843
4.04342861982	484.147006989
4.13159151633	484.538113832
3.97159814331	484.866709948
4.0296040783	485.188817978
3.97520228431	485.425761938
3.86895179257	485.73189187
3.93396853713	486.156600952
3.85740677887	486.513398886
3.91286733469	486.800745964
4.15936869192	487.053210974
4.28747373617	487.424803972
3.96691776086	487.773047924
3.90819838141	488.120290995
4.40960150581	488.461370945
4.30400434405	488.772604942
4.09040084755	489.114825964
4.18046368192	489.448064804
4.63983628922	489.868160009
4.75731270174	490.20339179
4.74910760169	490.558998823
4.53781127349	490.872087002
4.31060204608	491.074803829
4.20795055137	491.285634995
4.09090672394	491.671326876
4.14522379337	491.988812923
3.94741412802	492.277700901
3.92120293487	492.606957912
4.43996368587	492.984863997
4.2395096414	493.258899927
4.09945030816	493.58820796
4.07630916198	493.94822979
4.04659028922	494.28070879
3.97431260318	494.721012831
3.96537321637	495.045871019
4.25513586415	495.440186977
4.39835517079	495.716794968
4.63034217793	496.112301826
5.10250863058	496.472229958
4.83179319784	496.739132881
4.79371473623	497.010880947
4.73375573713	497.341342926
4.71799277779	497.743551016
4.85816337609	498.122718811
4.87658998963	498.449517012
5.12397739363	498.859310865
4.6783142458	499.152541876
4.73968802695	499.460129976
4.42596212396	499.753600836
4.73877672926	500.118867874
4.86217460905	500.408851862
4.82761378399	500.670421839
4.90204039299	501.029157877
5.0980277239	501.356275797
5.33544729602	501.756442785
5.39554786086	502.142397881
5.01250962403	502.49206996
4.85473040294	502.714293957
4.46536266456	503.175629854
4.78327430108	503.523504019
4.70476978267	503.781736851
4.61883144788	504.019519806
4.2914289876	504.280250788
4.04618937099	504.662395
4.03175850258	505.040865898
4.08644151463	505.383999825
3.84659096311	505.60826683
3.74673443527	505.949074984
3.64481353993	506.241138935
3.68138448561	506.459975958
3.72175044617	506.77460289
3.47522802664	507.120279789
3.22887187034	507.3170228
3.16529227049	507.651962996
3.34383037844	507.92266798
3.30743395568	508.256971836
3.38965122635	508.605144978
3.48668938365	508.976621866
3.53816785746	509.369985819
3.61711034065	509.785759926
3.73303856936	510.109706879
4.08498482094	510.502140999
4.43290053815	510.77532196
4.57532993724	511.159237862
4.65812940546	511.493347883
4.86406263836	511.956681967
4.88042346865	512.33515501
4.70942848517	512.717375994
4.78784196297	513.050143003
4.65360849304	513.406269789
4.67798900626	513.842387915
4.37006830695	514.077528954
4.3041190082	514.293778896
3.98497648419	514.552688837
3.97424477746	514.788812876
4.16424720513	515.109679937
4.27625211677	515.496433973
4.32269892764	515.727216959
4.37685127247	516.179139853
4.58053443639	516.492165804
4.67696570154	516.701010942
4.40118020342	516.978988886
4.28212391417	517.201370001
4.40189356842	517.537547827
4.72045353436	517.908547878
4.34801854584	518.265496016
4.45188282931	518.516185999
4.16738133949	518.728184938
4.32192070662	519.088387012
4.307206829	519.378121853
4.3528142441	519.61599493
4.05468312983	519.819599867
4.16623552815	520.142246008
4.42152019367	520.480283976
4.56059285107	520.738096952
4.78040751552	521.114954948
4.64776162718	521.385408878
4.3842090902	521.71043396
4.226996939	521.947666883
4.09241387618	522.240996838
3.94643863972	522.606339931
3.98197923329	522.926869869
3.8365300355	523.20802784
4.06439013803	523.623396873
4.02658413545	524.083206892
4.06021701029	524.440358877
4.01679198471	524.830629826
4.12283939231	525.198995829
4.0731104559	525.48948884
3.99253730916	525.740991831
4.03572169017	525.99584198
4.21974669409	526.258759022
4.17844541902	526.590588808
4.25310609842	526.840276003
4.21883105759	527.127105951
4.72486771077	527.480870008
4.52702899786	527.762799978
4.3784685145	528.033638954
4.31976645728	528.26104188
4.18518406923	528.544246912
3.74496543856	528.801037788
3.94013036927	529.067071915
3.74038473051	529.422850847
3.6713691317	529.767049789
3.49375344117	529.954108
3.93235618124	530.279436827
3.88634105577	530.556863785
4.02424365058	530.957392931
4.17987959483	531.268006802
4.23750067809	531.657982826
4.29188058042	532.027055979
4.19425661319	532.346197844
4.30632073523	532.754478931
4.3989970335	533.049180984
4.07514042879	533.431878805
4.1308081175	533.771238804
4.20721451991	534.15770793
3.94810877837	534.461721897
3.70681532043	534.760985851
3.63874888743	535.063540936
3.65675739321	535.434931993
3.66392363603	535.667516947
3.90833464417	536.026964903
4.27626550628	536.319890976
4.42950495104	536.694785833
4.82885076551	537.150925875
4.65713814971	537.49335289
4.38518608043	537.828074932
4.37783013299	538.136375904
4.38869521811	538.521759987
4.45793042211	538.98101902
4.44593595435	539.310434818
4.5115835816	539.668698788
4.55780141595	539.943904877
4.57127432618	540.309325933
4.43010674047	540.556671858
4.23194837631	540.961785793
4.20456461105	541.323337793
3.94064346617	541.725935936
3.88939478582	542.109004021
4.03423546514	542.533557892
3.94889048108	542.828151941
3.94673395076	543.109161854
4.01028520401	543.332047939
4.0634148868	543.738850832
4.4434043196	544.14999485
4.43367420797	544.476267815
4.4212100781	544.83266902
4.45595131533	545.146430016
4.30388873479	545.334108829
4.50097455606	545.628944874
4.40689196294	546.024636984
4.45931173358	546.367610931
4.49326819439	546.783828974
4.19263416133	547.042761803
4.17729923532	547.399236917
3.91229243165	547.793341875
4.0518392761	548.276819944
3.83909053346	548.628811836
3.56953099449	548.831063986
3.47818835526	549.09611702
3.84591890462	549.437632799
4.28777298446	549.879362822
4.26489121336	550.136501789
4.26169290769	550.462181807
4.19723195489	550.721895933
4.02311727935	550.99711585
3.98382595528	551.368496895
3.96889266162	551.718860865
4.29092015731	552.125022888
4.02503290428	552.382182837
4.05610573037	552.855685949
3.8397819584	553.216084003
3.86425299483	553.524869919
3.84238217845	553.849342823
3.77093863524	554.062366009
3.66946097853	554.429170847
3.75229980269	554.734563828
3.91537315391	555.078557968
3.77717949437	555.42975688
3.55821497088	555.726136923
3.64416663822	555.978684902
3.68446308077	556.221931934
3.80443735788	556.531672955
4.09429134943	556.880821943
3.97691285984	557.157267809
4.24389730755	557.529747009
4.00975112612	557.745262861
4.00224849954	557.990237951
3.95350128294	558.285329819
3.97623125398	558.574455976
3.69177615622	558.840053797
3.67578675475	559.093573809
3.55759059093	559.426379919
3.71314836714	559.722847939
3.86605500084	560.115959883
3.93446161221	560.480734825
3.87188687637	560.835987806
3.93395198333	561.215353966
3.854383102	561.557410002
3.83743011762	561.872258902
3.65883010337	562.258350849
3.76906394191	562.51690197
3.38561991871	562.864982843
3.57499750605	563.126667976
3.33372465703	563.469280958
3.32850425804	563.763310909
3.49744865969	564.102186918
3.45071035895	564.35858798
3.80688617955	564.678649902
3.9671978868	564.889791965
4.06179833069	565.163290977
4.08164667072	565.50916481
4.35022239565	565.997411013
4.41896431905	566.296523809
4.51002203049	566.706904888
4.71548438229	566.998651981
4.62481930971	567.380470991
4.55038822534	567.725436926
4.48397971119	568.070436954
4.50137608931	568.412521839
4.2255111168	568.729129791
4.42362660073	569.072321892
4.56364843401	569.42263484
4.44093948383	569.637885809
4.2390884294	569.891256809
3.8159337624	570.248536825
3.92209690354	570.580924988
3.92874189365	571.030380964
3.89936133891	571.333055019
3.75388400604	571.577318907
3.71122733952	571.95992589
3.75582186036	572.161083937
3.78661160832	572.482976913
3.88563453675	572.678900957
3.80962421616	572.859702826
3.58882646216	573.086233854
3.41244415177	573.37529397
3.30751065232	573.610340834
3.13717816984	573.918622971
3.2617477842	574.214243889
3.0223348357	574.368417978
3.02374791941	574.759516001
3.17162496749	575.015411854
3.1695302352	575.35044384
3.15598166696	575.649147987
3.15739483082	575.892163992
3.09902905864	576.319442987
3.59876555361	576.629914999
3.71121578668	577.042774916
3.69273080974	577.397516012
3.83315913997	577.791628838
3.61749064295	578.087195873
3.6658546918	578.391247988
3.60373079013	578.642896891
3.44328960792	578.887019873
3.58216842396	579.235313892
3.42944807497	579.595496893
3.70250454936	580.03291893
3.76693534351	580.321024895
3.58721012582	580.613495827
3.50180808402	581.032896996
3.47010096004	581.352578878
3.61215599587	581.673548937
3.79424235978	581.98789382
3.64877827669	582.2274189
3.46890083466	582.576694965
3.36444792993	582.875540018
3.36637254909	583.208730936
3.2941928549	583.506992817
3.4862021068	583.892045021
3.78208215753	584.297818899
3.8025260897	584.722984791
3.861620818	585.024039984
3.91150926146	585.379052877
3.71710612637	585.637825012
3.78709165784	585.970826864
3.66990553495	586.312533855
3.33334319219	586.668240786
3.47322843382	587.08228898
3.45249912133	587.353082895
3.77927770131	587.592892885
3.65191041074	587.782087803
3.69565092402	588.004437923
3.75671117336	588.328980923
3.92310867826	588.670185804
3.77926828855	588.9944098
3.86000541965	589.360594988
3.80565826457	589.703724861
3.95830993516	589.973649979
3.87233177637	590.236924887
3.9781228722	590.544245005
4.01830359368	590.921150923
4.07712829675	591.255293846
4.14162681342	591.596246004
4.03280717482	591.927314997
3.98901566738	592.189075947
3.99248779081	592.456935883
4.01126110158	592.834745884
3.75856313103	593.267575979
3.73679716819	593.64910984
3.87621937792	594.000428915
3.61836032681	594.359792948
3.72556911205	594.548110008
3.60297635289	594.936228991
3.52392871878	595.293115854
3.45608288263	595.703174829
3.49633867725	596.004703999
3.56863649479	596.414088011
3.82854752397	596.754912853
3.67848740618	597.057393789
3.63681117115	597.395495892
3.48059486815	597.766865015
3.28974044153	598.119242907
3.3125433928	598.431840897
3.33027872173	598.85767889
3.55180310618	599.19727087
3.59859008404	599.685056925
3.53043896509	600.060537815
3.54016230379	600.478417873
3.59580415012	600.811961889
3.61317379324	601.121085882
3.79571315156	601.464841843
3.62533858836	601.835933924
3.65621778556	602.082073927
3.94738690445	602.405433893
3.76323800524	602.748852015
3.70785949387	603.043382883
3.56091962342	603.262375832
3.54643894279	603.439647913
3.72804857356	603.796598911
3.68357083429	604.035125017
3.72783130334	604.352473974
3.97530846981	604.755824804
3.9043167966	605.061232805
4.0372861861	605.414838791
3.92814497199	605.77244997
3.76044759552	606.093721867
3.74596084699	606.423770905
3.65401495255	606.591944933
3.65008411741	606.946818829
4.13885445864	607.19114089
4.16272307303	607.458292007
4.11203775521	607.852402925
3.83904434952	608.03192687
3.80444603837	608.350214958
3.86087770975	608.734428883
3.93895920248	608.943431854
3.81965965133	609.26193285
3.82994454111	609.486265898
3.72330308259	609.849696875
3.51662811075	610.066816807
3.67433944856	610.410998821
3.73344093394	610.789000988
3.6620166098	611.087422848
3.73822073526	611.46703887
3.74584651713	611.652826786
3.69371334635	611.962365866
3.79197187002	612.18392992
3.70984731947	612.447552919
3.67337278699	612.867163897
3.69660279553	613.112559795
3.63244209769	613.449877977
3.77406621107	613.840683937
3.88098076003	614.112637997
3.86217729851	614.490656853
3.81844970641	614.732729912
3.67410948178	615.041755915
3.701755366	615.258500814
3.47152273994	615.647182941
3.37158603274	616.002050877
3.29205881789	616.402441978
3.37404313738	616.780057907
3.36399141733	617.170765877
3.76281232626	617.587346792
3.77730951831	617.920641899
3.75034093107	618.215603828
3.62306229911	618.476511955
3.72007503638	618.797971964
3.84170061043	619.221524954
3.80077189606	619.554431915
3.76694324829	619.752767801
3.64519630703	620.188084841
3.92813028375	620.64791584
3.66042596427	620.931156874
3.63839772417	621.254164934
3.78959940458	621.657400846
3.62164277972	622.010414839
3.6680151832	622.417013884
3.750690828	622.840906858
3.91142364651	623.261443853
3.75124125324	623.698416948
3.77118089557	623.986522913
3.69331265275	624.257942915
3.81855553917	624.589241982
3.64114931555	625.079253912
3.94946443372	625.506919861
4.26745073406	625.87193799
4.55963858217	626.242039919
4.52334647342	626.511605978
4.60458643066	626.864781857
4.58394617756	627.245746851
4.56541338377	627.459306002
4.52717336509	627.804322004
4.31666563622	628.041265011
4.14253553307	628.4129529
3.90397059056	628.697569847
3.90033406504	629.065034866
3.68011885613	629.278670788
4.238763808	629.630736828
4.27136169232	629.962210894
4.18635577807	630.226003885
4.22063908833	630.568324804
4.31943287099	630.940684795
4.79939038546	631.320938826
4.93633046484	631.6649189
4.48889738614	631.963761806
4.50376555966	632.358335972
4.5533127767	632.612705946
4.60317342388	632.941376925
4.73820337973	633.2584939
4.55341804467	633.659586906
4.64465581571	634.118268967
4.47513034001	634.414343834
4.39218279371	634.755223989
4.20671232914	634.995658875
4.55184828919	635.291610956
4.84019312865	635.711025953
4.9625159726	636.00661087
4.83226738398	636.308123827
4.70190841567	636.675694942
4.86082297968	637.061087847
4.61556580339	637.408762932
4.49391756741	637.659264803
4.48119468219	638.052652836
4.43377986647	638.421900988
4.6328042059	638.852000952
4.47010618275	639.152021885
4.71880418148	639.543623924
4.83504410473	639.914779902
4.66968607557	640.183708906
4.52352119474	640.585186005
4.60016652409	640.925948858
4.56120817084	641.234161854
4.52969322346	641.538874865
4.53691963964	642.074308872
4.38275384473	642.461440802
4.24831374217	642.76767087
4.26702828889	643.095826864
4.16485461807	643.265512943
3.96299032411	643.531102896
3.6680232976	643.703825951
3.57584898606	644.119609833
3.56068716022	644.485548019
3.87222402663	644.898852825
4.22575900831	645.245101929
4.48850702038	645.634465933
4.4198921641	645.997169018
4.28640145444	646.269923925
4.57363968328	646.654840946
4.43141051432	647.048934937
4.40134698066	647.421899796
4.47255757458	647.753597021
4.79153777014	648.139334917
4.76116676506	648.628587008
4.7389211102	649.054503918
4.94822220067	649.41129899
4.97312054261	649.827965975
5.0394356864	650.206413984
4.90069337722	650.553508997
4.86543208622	650.884622812
4.75217118826	651.075131893
4.63733877536	651.335250854
4.66090958294	651.688848019
4.39530543357	651.992121935
4.41122640749	652.343194008
4.39778340059	652.62211585
4.23829037278	652.961961985
4.22182544199	653.267354012
4.40968564656	653.64951992
4.43140576217	654.037031889
4.32906596791	654.250916004
4.29163204791	654.540471792
4.17275568628	654.889223814
4.28893684105	655.181119919
4.39870533991	655.490860939
4.57248677241	655.768176794
4.68915676297	656.064860821
4.75808700906	656.355309963
4.64958920826	656.812236786
4.98434904715	657.135224819
4.80883045018	657.460765839
5.12701807173	657.830740929
4.85724315593	658.215919971
4.63378362312	658.498302937
4.67858293245	658.782735825
4.5849597804	659.09641695
4.72914395021	659.39752984
4.93588260355	659.770984888
4.88058261055	660.161809921
4.67602221697	660.393566847
4.77536152831	660.771999836
4.29562355583	661.110802889
4.19189945327	661.488488913
4.18764523113	661.884845972
4.69709101726	662.26759696
4.56788022308	662.571018934
4.33555480903	662.865041971
4.57257030583	663.305100918
4.16452777359	663.601461887
4.02411037226	663.81378293
3.94986746791	664.29349184
3.92723282372	664.70802784
3.90599012193	665.025630951
3.79658141238	665.255726814
3.73696498471	665.51135397
4.07011001604	665.909050941
3.97536648235	666.037837982
3.84833317087	666.285729885
3.74757735046	666.60381794
3.8522940287	667.021117926
4.04322921177	667.379177809
4.04584013722	667.603112936
3.9269048763	667.899626017
3.89181133095	668.152129889
3.94730320525	668.475860834
3.93697759855	668.753917933
4.09605766233	669.022272825
3.99940363695	669.256639004
4.04885338129	669.631430864
3.9436235263	670.004262924
3.97634932019	670.3901999
3.9572974183	670.749364853
4.15814109886	671.140270948
4.23833921333	671.470533848
4.19011427916	671.801044941
4.33326851299	672.136159897
4.39551590426	672.446393967
4.38075849997	672.823126793
4.47817424122	673.145300865
4.71282761343	673.541901827
4.79657965395	673.897300005
5.00429878993	674.236971855
5.31337600401	674.493589878
5.2615350524	674.882429838
4.68691667565	675.162537813
4.70865742974	675.424726009
4.58363607204	675.764695883
4.38990967514	676.00314784
4.33790670623	676.217052937
4.2759864897	676.585682869
4.34648985143	676.910987854
4.31227006134	677.275093794
3.97222589035	677.693949938
3.87081638742	678.094756842
3.62795439078	678.429778814
3.69475039287	678.832536936
3.79601765481	679.188118935
3.53615983154	679.577199936
3.49134596865	679.981334925
3.51018869169	680.273645878
3.40815404227	680.589039803
3.37363015296	680.923177958
3.2880011401	681.276172876
3.31206822333	681.529369831
3.44882983515	681.764983892
3.38549084173	682.077348948
3.29364292415	682.314284801
3.24634280851	682.678588867
3.39395038694	683.098215818
3.40205285108	683.374801874
3.45256349589	683.64030385
3.44577936124	684.046218872
3.50227774274	684.435330868
4.02754114124	684.832685947
4.05246987126	685.239284992
4.08719790272	685.485773802
4.10979183884	685.890941858
4.29350066346	686.290244818
4.1158260246	686.535703897
4.21800750335	686.912062883
3.97573932991	687.224473
3.93095537266	687.671203852
4.24001201143	687.981784821
4.13042225177	688.228935003
4.00147074109	688.584764957
4.16569728929	688.80833602
4.54215443577	689.265899897
4.47046917111	689.609177828
4.20877116667	689.876676798
4.17133776934	690.213541985
3.86197088688	690.475919962
3.80478723504	690.735178947
3.6764033452	691.092300892
3.81827563186	691.487070799
3.53152130925	691.776437998
3.51272327198	692.002677917
3.53174717054	692.263630867
3.70332046603	692.570906878
3.68695292414	692.913072824
3.72946646214	693.270136833
3.91106383806	693.49900198
3.79931414508	693.784657001
3.86820702324	694.085462809
4.06916159939	694.395630836
3.83193924551	694.693929911
3.79892252475	694.995453835
3.78039697346	695.445949793
3.88841847797	695.827392817
3.75757037784	696.160279989
3.58219904266	696.509537935
3.60956158162	696.759227991
3.69470522731	697.044438839
3.8085799398	697.352827787
3.87955574464	697.646883011
3.95161325196	697.901818991
3.86427365303	698.108474016
3.92826099129	698.389541864
4.16289099881	698.708848953
4.27084534267	699.057215929
4.23373921137	699.370185852
4.03454315845	699.671460867
4.54706680859	700.04735899
4.68290833612	700.435693979
4.38759594429	700.852412939
4.202434499	701.130324841
4.22092967133	701.48225379
4.23699814346	701.839622974
4.32101494001	702.207234859
4.2883143272	702.449956894
4.17925651618	702.783089876
4.33472994008	703.132565975
4.23733870515	703.438882828
4.06778300207	703.706336021
3.9327733548	703.847997904
4.03317188598	704.268306971
4.28822175932	704.671478987
4.3044772406	704.990031958
4.18077646511	705.379493952
4.18256874938	705.724519968
4.03272173044	706.05271101
3.98243778543	706.386926889
3.9045525868	706.648362875
4.03187773714	706.968824863
4.2641572834	707.35430479
4.12238763521	707.694139004
4.01863347634	707.957924843
4.19882594099	708.453960896
4.06885347124	708.678072929
4.04882252366	709.032801867
3.99295723732	709.354815006
4.03059281767	709.66689086
3.88287992753	709.964473009
3.84737935474	710.26994586
3.95420955628	710.706573009
4.13651571878	711.08667779
4.07213528683	711.33733201
4.08880867162	711.715370893
4.06027794873	712.081043959
3.90423400012	712.344308853
4.05124816396	712.651366949
4.0479103673	712.961344957
4.28717442512	713.28718996
4.20114323261	713.678189993
4.24305917075	713.921813011
4.28372942201	714.337999821
4.40758889582	714.626722813
4.31818881761	714.875152826
4.36117337591	715.096331835
4.05291355386	715.50147891
3.97204139986	715.750861883
3.84468822068	716.018504858
3.81046171977	716.365476847
3.81374081427	716.640457869
3.73425537443	716.9987638
4.29637956319	717.364993811
4.26494576144	717.695397854
4.20205823212	718.100997925
4.37797003851	718.444001913
4.69266902113	718.758999825
4.87974446869	719.095968962
4.90552626517	719.464299917
4.81509453332	719.790532827
4.56574469019	719.995097876
4.59132672024	720.170047998
4.889832752	720.584105968
5.02645959784	720.9368608
5.0748571578	721.340821981
5.05923968106	721.52196002
5.31416982148	721.917919874
5.62177400306	722.243754864
5.30887767533	722.443983793
5.13443693252	722.780645847
5.07290933818	723.085559845
4.74450030867	723.46030283
4.62523839856	723.762483835
4.54094684446	724.082283974
4.26533117307	724.384215832
4.23760998232	724.800812006
4.27731811519	725.07873702
4.36704862135	725.381400824
4.33346327625	725.706095934
4.06013717556	726.051802874
4.00418875703	726.317706823
4.04765884465	726.720898867
3.87624169292	727.024215937
3.78380880675	727.392722845
3.62741376559	727.63871479
3.53505982821	727.979867935
3.61371235523	728.351864815
3.54569566071	728.545954943
3.69768774761	728.898894787
3.6594170309	729.329849005
3.85853423883	729.682217836
3.73601291093	730.051491976
3.67940855936	730.397498846
3.70320949344	730.739086866
3.76585764114	731.069245815
3.68098868758	731.485327005
3.6391389787	731.739652872
3.70164224298	732.054116964
3.85298598389	732.362183809
3.88226568156	732.698577881
4.07581242046	733.049278975
4.34805451587	733.341107845
4.07294791274	733.672099829
4.12578331645	734.036342859
3.98027672268	734.305910826
3.98184996865	734.568671942
3.93048406372	734.839289904
3.86210755762	735.147601843
4.03772901798	735.453630924
3.98679289643	735.739131927
4.22820559906	736.119912863
4.13325096331	736.430771828
3.97108361668	736.778088808
4.03784093321	737.101390839
4.27942714198	737.464525938
4.10080113461	737.741236925
4.21668488935	738.111439943
4.43478248123	738.498224974
4.49171234015	738.82287693
4.58478119811	739.179821968
4.63207985485	739.609447956
4.54774069866	739.8569839
4.46339053349	740.067943811
4.52110494196	740.325426817
4.53078412015	740.615944862
4.45877214332	741.010618925
4.58141390026	741.372766018
4.53401412609	741.751125813
4.48720428213	742.110639811
4.33713071931	742.460207939
4.7065789922	742.935487986
4.83707148622	743.311132908
4.71117692359	743.595398903
4.79245668185	744.020967007
4.32198741187	744.224634886
4.40707677013	744.573198795
4.56643347444	744.886603832
4.91803721948	745.194332838
5.19417254753	745.623104811
5.17815028006	745.991315842
4.97729623395	746.375592947
4.73806239508	746.647374868
4.70938038093	747.070266008
4.53035519953	747.404273987
4.47123616489	747.749938965
4.47406180844	748.055082798
4.478763996	748.200222969
4.59630183837	748.650759935
4.46722304255	749.029714823
4.47585649636	749.489671946
4.48986892315	749.818974018
4.46119421031	750.206223011
4.37143437341	750.369185925
4.33783806764	750.627831936
4.41728513644	750.99728179
4.33212529404	751.398777008
4.41256929274	751.661653996
4.5270525862	752.02303791
4.61105328155	752.379233837
4.68664366148	752.708812952
4.94445637259	753.146726847
5.16450640178	753.498551846
5.11858691773	753.859302998
5.35550029464	754.279148817
5.18925952632	754.591645956
4.8593706648	754.884016991
4.84614431326	755.27186799
4.78095008383	755.54984498
4.70532117768	755.83403492
4.75119603748	756.10063386
4.79973360471	756.410705805
4.76487194676	756.782094002
4.70680817899	757.128865957
4.59783924507	757.447703838
4.57366213434	757.740799904
4.45354176515	758.110390902
4.21061235486	758.374418974
4.26561523881	758.648962975
4.11775911575	759.001103878
4.16366598994	759.368830919
4.2383552291	759.611379862
4.33940166708	760.008672953
4.42611087093	760.328904867
4.52231807153	760.659541845
4.22324494682	760.879681826
4.26415076895	761.145717859
4.25215553549	761.377031803
4.30833961274	761.682986021
4.25585500848	762.03153801
3.98820745486	762.284948826
3.90671326964	762.548354864
3.84881276041	762.91071701
3.90922711174	763.25184989
4.07328375357	763.732275963
4.19305067063	764.071633816
4.1711880427	764.378235817
4.40854963027	764.736929893
4.55873502226	765.115701914
4.27260946381	765.37140584
4.44881010735	765.785331011
4.30800560863	766.118798971
4.41423208471	766.447366953
4.216991053	766.744159937
4.59023608862	767.089696884
4.48759607743	767.506950855
4.45918310414	767.833280802
4.47179684441	768.090341806
4.46326410706	768.549932957
4.40095224259	768.886695862
4.38457440384	769.241675854
4.43032085234	769.585693836
4.46203209412	769.935333967
4.32921059934	770.292948961
4.30009407796	770.638691902
4.17845360871	771.019858837
4.21094168907	771.413688898
4.39067933814	771.766759872
4.31975675275	772.161037922
4.47371211321	772.509524822
4.23828749526	772.708104849
4.39909467907	773.264294863
4.49521113855	773.71665287
4.48732832576	774.071133852
4.44906297009	774.338990927
4.48032179618	774.682338953
4.34929923751	775.02421093
4.39366593962	775.241328001
4.46945802084	775.638666868
4.475471667	775.98743391
4.32982851377	776.253466845
4.1023314832	776.472743988
3.99254736576	776.818580866
4.04875292668	777.147723913
4.03161295165	777.454489946
4.0078143062	777.767241955
3.79313418512	778.060899973
3.7538363205	778.33138895
3.69411902569	778.700759888
3.55603739287	779.109726906
3.58027666462	779.472036839
3.55852437999	779.74611187
3.48656112376	780.097993851
3.41873016084	780.401726007
3.37888550586	780.707278967
3.36900286765	781.153914928
3.38012699328	781.542235851
3.33151393203	781.809259892
3.62012026382	782.293442965
3.54478636649	782.535140991
3.3702304718	782.80398798
3.41519639499	783.154644012
3.49318464237	783.60886693
3.38065265183	783.844178915
3.32820121469	784.191675901
3.53586140237	784.620168924
3.61421339197	784.876420975
3.59101781202	785.189851999
3.71330145542	785.611199856
3.62867168934	785.977780819
3.47405120967	786.413215876
3.49816338776	786.771855831
3.4203215847	787.044194937
3.37166872719	787.235169888
3.51246193764	787.572851896
3.86661550617	787.885527849
3.85256288357	788.234505892
4.06312634165	788.504704952
4.12266043887	788.900005817
4.05813202821	789.21309495
4.08103315365	789.463738918
4.08709631659	789.73327899
3.98768424997	790.047812939
4.15934474125	790.417783976
4.29027558309	790.730270863
4.16800906656	791.061802864
4.02613520187	791.371007919
4.08919865453	791.661438942
4.0917010319	791.973742008
4.07590255618	792.389974833
4.03224555756	792.696033955
4.19317163582	793.104945898
4.28805312765	793.510617018
4.1788451022	793.858593941
4.17712532112	794.203871012
4.12204779309	794.525117874
4.28594338843	794.837555885
4.15595231382	794.939920902
4.07988023059	795.34856987
3.92168790338	795.607297897
3.80062509071	795.98307085
3.77844623645	796.174727917
3.88870300784	796.418354988
3.80089216255	796.738940954
3.70909520114	797.00523901
3.621880077	797.360101938
3.58183194326	797.651894808
3.78113574579	798.06376791
3.65750875785	798.404304981
3.64202496691	798.756927013
3.77758929111	799.200092793
3.85714792538	799.566449881
3.82712533726	799.884822845
3.80552981208	800.039560795
3.89557932625	800.340029001
3.95750639108	800.724809885
3.94039675881	800.994233847
3.88809101206	801.366926908
3.91593164247	801.77161479
4.0201135343	802.149419785
4.12960574789	802.463758945
4.08273379982	802.753563881
4.15389741552	803.039568901
4.21857221317	803.342851877
4.15291475866	803.704969883
4.21288924946	804.068064928
4.2117585934	804.414700985
4.09953448961	804.704164982
4.11271533069	804.997680902
4.08738625757	805.374736786
3.93535679153	805.656491995
3.94456039652	806.046113014
3.88767725321	806.373813868
3.99385403004	806.654228926
3.96478330061	806.949344873
4.10068298633	807.286051989
4.18074621162	807.750375986
4.32848401641	808.065643787
4.24810702197	808.416015863
4.23018053225	808.841462851
4.27832241509	809.260188818
4.36661666572	809.606492996
4.33506531157	809.916545868
4.14815143972	810.257371902
4.14488408352	810.631009817
4.06290954109	810.901342869
4.19505891397	811.286253929
4.31004913445	811.716519833
4.34120920478	812.006631851
4.28103528169	812.277220964
4.12118833287	812.605450869
4.12027066414	812.939829826
4.29237844982	813.292124987
4.35209489428	813.723675966
4.26190110441	814.033226967
4.22518539265	814.344848871
3.9608865557	814.626152992
3.97817595844	815.079435825
3.79436914936	815.49000001
3.72775574762	815.710939884
3.67648476196	815.907936811
3.7426264273	816.332022905
3.73240249762	816.779158831
3.73400129407	817.115809917
3.74767078434	817.453812838
3.77592451273	817.813088894
4.20428470521	818.189487934
4.22010337684	818.54470396
4.14728414705	818.753541946
4.22429391753	819.175248861
4.18005910688	819.473536968
4.09680865288	819.784403801
3.96000964466	820.188668966
4.05575812519	820.48660779
4.0740445697	820.768435955
4.14580221197	821.134293795
4.13866320371	821.5001688
4.00091569978	821.768952847
3.93339798378	822.019545794
4.04933074115	822.396178961
4.01791961907	822.703328848
4.00735496798	822.910944939
3.96268980552	823.287436008
3.8357847588	823.560226917
3.7979908742	823.911442995
3.71737075143	824.247512817
3.76080769341	824.740967989
3.71271034862	825.119288921
3.63476718537	825.448476791
3.56924787194	825.669631004
3.58122595681	826.00445199
3.58271910329	826.235790968
3.53146022436	826.496006012
3.56717519527	826.818338871
3.52988452724	827.182235956
3.36122402099	827.472708941
3.5263721208	827.773093939
3.69015766652	828.238916874
3.6636347269	828.565352917
3.50920200532	828.892715931
3.93583553099	829.317086935
3.85842241205	829.627601862
3.80237224568	829.871540785
3.6422293173	830.080043793
3.64450461061	830.406960011
3.54060875171	830.638775826
3.52253698908	830.921801805
3.45476650441	831.236753941
3.44072828745	831.57976985
3.3833834977	831.849519968
3.31902171147	832.152191877
3.42802711505	832.543567896
3.41350932857	832.826147795
3.34202670145	833.21075201
3.24940851106	833.452266932
3.26262658025	833.696090937
3.23997213141	834.022265911
3.21323457982	834.341520786
3.27689346724	834.788470984
3.31649864965	835.065943003
3.27924268296	835.414178848
3.14308378212	835.71923089
3.16220825494	836.07441783
3.38945496172	836.497588873
3.41100437335	836.827572823
3.35699614863	837.127420902
3.63905169238	837.434619904
3.55953323262	837.696260929
3.53848691648	838.000730991
3.61395497919	838.268427849
3.79340419859	838.684525013
3.74301164528	839.10173893
3.81942621865	839.405292988
3.86079161112	839.725409985
4.03994534122	840.110009909
4.09438360645	840.589679003
4.04197363282	840.902398825
3.77009329805	841.232460976
3.73606910248	841.560701847
3.68303470028	841.832016945
3.8351371672	842.202226877
4.16202177288	842.52282095
4.14363192761	843.009783983
4.0999359802	843.293442965
4.28565720463	843.635674953
4.1688509932	844.023455858
4.10553573985	844.293226004
4.11819534903	844.65050602
4.1175488395	844.906788826
4.10856971341	845.297315836
4.07010130212	845.71863389
3.94592107273	846.034054995
4.30315346697	846.402143002
4.69205844006	846.791024923
4.4991611149	847.009610891
4.24066117345	847.309764862
4.35963658139	847.803605795
4.40762802168	848.278924942
4.51137441554	848.740620852
4.53184680184	849.143870831
4.25650211184	849.626695871
4.04701508089	850.002017975
3.97115041519	850.315720797
4.03137527976	850.611282825
3.96014828377	850.938534975
3.74470736123	851.173033953
3.91762269984	851.478985786
3.92500584213	851.878945827
3.9617826476	852.148415804
4.13375017177	852.649541855
4.06472908617	853.361274004
3.98331891809	853.729748964
3.89758599578	853.97040391
3.87838673239	854.345030785
3.87144268405	854.700802803
3.75144376959	854.96446681
3.71675613912	855.310264826
3.69813920037	855.662596941
3.82967003046	856.037709951
3.94997947396	856.290799856
3.84961395363	856.596810818
3.72943870086	856.92189002
3.68574105125	857.324205875
3.68003362879	857.59679985
3.86419902209	857.936262846
3.89984694472	858.229406834
4.02265298399	858.617056847
4.12065441887	858.941236019
3.99728877147	859.301451921
3.79766025388	859.597893
3.81699648677	859.997727871
3.88352936531	860.349313974
3.82127921581	860.521621943
3.73429534393	860.843758821
3.88502040894	861.052070856
4.06993001095	861.35295701
4.31008631559	861.794228792
4.26396776305	862.162580967
4.36204097216	862.548546791
4.38575532751	862.901542902
4.27172719465	863.186769009
4.14403427934	863.46090579
4.15559342152	863.808867931
4.26475704477	864.122916937
4.32883420827	864.522516012
4.40582210696	864.919395924
4.39607594144	865.271349907
4.31150398054	865.749614954
4.35046538842	865.97681284
4.47305876523	866.409490824
4.72462055796	866.808571815
4.73492480656	867.169601917
5.05111639676	867.639406919
4.77611317146	867.931511879
4.59534271886	868.230702877
4.64165132498	868.574193001
4.54848407594	868.848248959
4.56030006708	869.143241882
4.58236413319	869.500137806
4.51481159096	869.889437914
4.32392768318	870.170619965
4.12222788442	870.412055969
4.31769834542	870.758495808
4.37158932134	871.061599016
4.23794197126	871.28696084
4.01616301232	871.533268929
3.942582435	871.841077805
3.85900984521	872.107285976
3.86584509967	872.458148956
4.0341685443	872.803277969
4.31912550534	873.295709848
4.23866381821	873.54219985
4.29493897967	873.87012887
4.45523527953	874.182178974
4.28788065037	874.515666962
4.04226392876	874.962325811
3.99545232266	875.168005943
4.04070455937	875.537371874
4.27274247301	875.973122835
4.33015150844	876.294274807
4.4049475835	876.647890806
4.31929465582	876.955296993
4.29324632853	877.291148901
4.29937582581	877.636518955
4.24248208292	877.918097019
4.03998972709	878.239437819
4.20514790525	878.680668831
4.26371095542	879.02225399
4.36785503512	879.457037926
4.44840979176	879.728727818
4.36229651336	880.02705884
4.42549584152	880.408543825
4.62808837755	880.650362968
4.74971485403	880.920819998
4.56787645137	881.207744837
4.43287173268	881.571425915
4.65888479632	881.90306592
4.68307657572	882.216279984
4.65637562074	882.519329786
4.83816639206	882.85292697
4.5953486365	883.197840929
4.50932468331	883.615463972
4.5061581983	884.011966944
4.59718993593	884.289779902
4.63448267406	884.580579996
4.80073419657	884.832669973
4.77813076662	885.160151005
4.69583943887	885.451112986
4.74559374919	885.754323006
4.61532407558	886.053740978
4.62458202897	886.455823898
4.63611750182	886.7851758
4.68596648355	887.22385788
4.78195611619	887.56028986
4.79607542927	887.861284971
4.58159987283	888.169813871
4.78531351152	888.568744898
4.90583766826	888.978564978
4.87661004774	889.315634012
4.75564591129	889.50087595
5.13210419161	889.827830791
4.91119193681	890.134099007
4.9778219035	890.475059986
4.83118249395	890.726585865
4.72958912641	891.069154978
4.76391345126	891.331434965
4.84450486165	891.674940825
4.70728301026	892.035619974
4.61444275285	892.432755947
4.57335454394	892.669327021
4.60688692242	893.014840841
4.75142354168	893.335783005
4.57443438143	893.635587931
4.54326570695	893.973363876
4.71320143766	894.392169952
4.6844826218	894.646173
4.56073129173	894.969537973
4.76583103228	895.33946681
4.62957048667	895.668906927
4.6198824089	896.029239893
4.75126928412	896.406503916
4.55416099975	896.756954908
4.56230103928	897.068394899
4.63841037947	897.348556995
4.59956219262	897.772144794
4.70099440913	898.173365831
4.6939002652	898.476624966
4.62060311952	898.800011873
4.51796894547	899.104055882
4.69517222087	899.533730984
4.31014779269	899.849627972
4.36088555504	900.194970846
4.20345840543	900.461072922
4.20423008217	900.755582809
4.22911743179	901.091440916
4.12996510713	901.432999849
4.05836311982	901.728665829
3.87711318804	902.158886909
3.93542638953	902.541350842
4.15808126994	902.904464006
4.12560542979	903.206728935
4.05781840603	903.471007824
3.93716992599	903.784332991
3.84409481955	904.073694944
4.05155430948	904.416486979
4.01706040371	904.818705797
4.06930168805	905.211313009
3.93702600589	905.509718895
3.89587651131	905.928776979
4.10354352353	906.275952816
4.08118143165	906.576839924
3.93528182875	906.867882013
3.95736967189	907.229846954
4.01349528037	907.566080809
4.15141866815	907.854687929
4.09529097631	908.125608921
4.1374797879	908.505585909
4.24566558977	908.809296846
4.13122487804	909.098696947
4.15982629521	909.534577847
4.08744878922	909.823608875
3.93606109657	910.016991854
3.89296705739	910.271086931
3.89403534016	910.644720793
4.02923445542	911.041662931
3.93951823241	911.346875906
3.96468334148	911.69230485
4.19014840581	912.065654993
4.10890533754	912.371893883
4.21748476388	912.793973923
4.03674571181	913.048017979
3.94835840843	913.284204006
3.95775154955	913.574431896
4.15713461932	913.915282965
3.95134865039	914.351619959
4.16536377852	914.703680992
4.26656821098	915.080909967
4.20120827923	915.360035896
4.03640613652	915.687469006
4.03045780406	915.963823795
3.8778675074	916.371439934
3.89145917934	916.736310005
3.76542178964	916.997717857
3.80397469545	917.28062892
3.62071254333	917.439452887
3.46980965708	917.83799386
3.52804368047	918.21876502
3.76694248282	918.697878838
3.6137548306	918.977128983
3.72787292599	919.221079826
3.78945829547	919.52609396
4.01835728588	919.893941879
4.01702934072	920.164385796
3.87972912496	920.407686949
3.90747821973	920.769512892
3.66495511375	921.053756952
3.61612957523	921.302753925
3.59278468717	921.572301865
3.62836279433	921.876415014
3.67982500445	922.27975297
3.68704868902	922.645178795
3.87962930969	923.128705978
4.08064242102	923.51303792
4.02309076477	923.847412825
3.94481417916	924.206089973
3.87816985701	924.522509813
3.96574142221	924.893115997
3.9445368028	925.120913982
3.92763261249	925.49105382
3.85757375884	925.838763952
3.88626369636	926.233512878
3.95295308543	926.571178913
3.94106422265	926.828491926
4.02041414711	927.119874001
3.95467042248	927.33901
3.97067743967	927.664846897
4.04454965361	928.070639849
4.14576079523	928.404844999
4.16627256447	928.660789013
4.11287817862	928.918934822
4.09568150042	929.265095949
4.18788997634	929.668375969
4.15013618437	930.042104006
4.17478202809	930.360155821
4.05760332031	930.646113873
4.16155591733	931.088998795
4.17054955269	931.304713964
4.3086478892	931.497777939
4.277126409	931.887643814
4.03674008732	932.124451876
4.03275018975	932.454096794
4.01851751745	932.808818817
4.04574028546	933.171309948
4.15509934797	933.347198963
4.15752831934	933.709580898
4.10792142837	934.123853922
4.36196974617	934.385999918
4.54788507469	934.815553904
4.55857237419	935.127707958
4.60707867783	935.530048847
4.59053417248	935.859516859
4.54494111716	936.258997917
4.58673113731	936.624180794
4.68056219255	936.82600379
4.73434984456	937.228878021
4.36786862063	937.57583499
4.52893190239	937.92445302
4.51744817877	938.214280844
4.50880308763	938.54249692
4.64300905682	938.938534975
4.7407666356	939.420893908
4.75809235387	939.817700863
4.75753335821	940.139499903
4.68436880125	940.394778013
4.63183844796	940.784750938
4.66248796813	941.034933805
4.66324946137	941.369511843
4.56755377604	941.715435982
4.47584131788	942.135644913
4.26364568134	942.341114998
4.17329845964	942.581703901
4.21536328914	942.91949296
4.2851788417	943.312529802
4.22845512482	943.542377949
4.08125177875	943.851213932
4.03321736669	944.127267838
3.95559374572	944.35755682
4.15338668018	944.792171955
4.11391057903	944.982364893
4.27922562097	945.35157299
4.28387560986	945.6746068
4.23405847875	945.980469942
4.27132193855	946.394385815
4.09180570161	946.739377022
4.24173184738	947.084666967
4.20702375331	947.330183983
4.43007957288	947.748189926
4.16629625469	947.967239857
4.12934022115	948.304746866
4.18136415617	948.606748819
4.09463217358	948.872411966
4.188308971	949.20438695
4.22363766109	949.422459841
4.22087827128	949.784876823
4.33911217718	950.132838964
4.42257559809	950.442497969
4.53495020784	950.820055962
4.66541496917	951.181371927
4.44080304527	951.398434877
4.54295545864	951.881870985
4.63707104993	952.252632856
4.78173958259	952.724228859
4.65850401598	953.112666845
4.77654144779	953.532801867
4.62400369216	953.829632998
4.52975810965	954.183827877
4.47947867094	954.494920969
4.46451597967	954.797379017
4.32485959919	955.021729946
4.32675358889	955.281725883
4.28734878836	955.518222809
4.3688034872	955.871425867
4.26970515302	956.160163879
4.36714743074	956.441712856
4.38840564326	956.744362831
4.45261863401	956.919607878
4.59833794153	957.292558908
4.9207743818	957.750066996
4.8253610506	958.198320866
5.10516591462	958.515666962
5.24228549751	958.832269907
5.28463311313	959.08365202
5.07642536758	959.336650848
5.23813994669	959.664710999
5.04869606998	959.991813898
4.96650259434	960.299400806
4.96940986738	960.552918911
5.00752458594	960.901036978
4.98209663346	961.185223818
5.05546883769	961.589103937
4.94867874811	961.837452888
4.86497488431	962.183990955
4.62571627407	962.432852983
4.67420243161	962.685130835
4.38007988801	962.925850868
4.22540207202	963.176003933
4.18156215402	963.467895985
4.20982203234	963.751155853
4.28848547185	964.110743999
4.19792537005	964.357605934
4.52273832821	964.701442957
4.47680213864	965.008384943
4.3294505212	965.286228895
4.25871456663	965.622097969
4.16329906324	965.97495985
4.19381760203	966.178591013
4.3126769039	966.545022011
4.20217495168	966.82107687
4.27873244644	967.159642935
3.98338214732	967.458317995
3.94592565636	967.737435818
3.94238444847	968.062762022
4.03692031584	968.384185791
3.98905456036	968.65868187
4.07113471285	968.974882841
3.98924907051	969.362082958
3.93173736737	969.670454979
3.72858072015	969.968453884
3.68260245584	970.320195913
3.58538748297	970.557099819
3.47860320826	970.924010992
3.48702027249	971.218887806
3.35754331774	971.465870857
3.34519568906	971.679624796
3.36091905902	971.995937824
3.4537095133	972.338552952
3.40161213	972.621651888
3.6383647938	973.000862837
3.62574887644	973.39680481
3.58358878821	973.759221792
3.56703719735	974.031941891
3.57877815108	974.353355885
3.56164333257	974.68907094
3.75546399666	975.073865891
3.83926142507	975.493896961
3.80853006816	975.737340927
4.16947692963	976.125698805
4.1465539833	976.48823595
4.12382957038	976.815312862
4.34892062046	977.108790874
4.28646196577	977.412853956
4.30866398032	977.748589993
4.1599546219	978.117807865
4.05018626646	978.310036898
3.98171842116	978.557770967
3.92182520585	978.865343809
3.92648505992	979.147805929
3.94301355981	979.396519899
3.82618041439	979.655264854
3.71734031156	980.034183979
3.69181019605	980.270660877
3.64301308292	980.662132978
3.90459897981	981.093302965
3.78575199848	981.404933929
3.942621498	981.826377869
3.9132367316	982.127579927
3.89490718836	982.375417948
3.81272281377	982.59590888
4.03170697682	982.894814014
4.03258483752	983.246170998
3.9635929863	983.594188929
