17.7075585495
17.439266719
17.2372426665
17.0379801184
16.7828587543
16.5901671868
16.4729454567
16.3397373161
16.1738864536
16.0405108534
15.9665591333
15.8483748993
15.728753467
15.6749724815
15.5295648947
15.426852754
15.3322442901
15.217750174
15.1608923853
15.0940263067
15.0124154023
14.9132662352
14.8449733135
14.7405499849
14.6605428932
14.5854782863
14.5308168022
14.4664075291
14.4084079948
14.3686792452
14.3233001703
14.258650554
14.1974687709
14.1394183433
14.028830289
13.993002748
13.9439949497
13.8999886674
13.8473017738
13.7810918427
13.7594666689
13.7364425568
13.7283137079
13.6788235947
13.6441952981
13.6044210702
13.5714137455
13.5259664657
13.5374707784
13.5246884443
13.4950524391
13.4673187585
13.425119602
13.4139129048
13.3742409497
13.3383204536
13.3310854776
13.2784758502
13.2796287789
13.2499877283
13.2378729393
13.2112110756
13.2058854169
13.179682795
13.1089660195
13.0864224768
13.0648569564
13.0453758361
13.0162116722
13.0020472294
12.9785840604
12.8896697377
12.8841690575
12.8828636724
12.8850409234
12.8763258767
12.8703685005
12.8663665668
12.860366567
12.8424181369
12.8379794773
12.8315510557
12.841492736
12.8281454212
12.8370225296
12.8309092299
12.8237088857
12.8154650788
12.7615210507
12.7531553411
12.7407361464
12.7184856752
12.7315054779
12.7323477999
12.7321497619
12.7264087716
12.7199102562
12.7164983092
12.718387089
12.7213110926
12.7231048486
12.7145366504
12.7237313348
12.7345994011
12.7281236833
12.7231899524
12.7281776114
12.7325469705
12.7351676651
12.7307661947
12.7288185989
12.6972844476
12.6938998997
12.659947693
12.6642405297
12.667619886
12.6926594291
12.6872664156
12.6850492849
12.6899663211
12.6865486679
12.6760198347
12.6745923344
12.6757467871
12.6652992219
12.6614522061
12.6440629416
12.6116448953
12.6050991004
12.5924474666
12.5851058429
12.5684914642
12.5785397336
12.5755937683
12.5648362809
12.5588257775
12.5475278736
12.545948297
12.5546003894
12.5562666924
12.5532248754
12.5138549914
12.5104225233
12.504339549
12.5065178151
12.4797443903
12.4777867872
12.4850414055
12.4919196609
12.4857313874
12.4792028395
12.4771043296
12.4711644434
12.4752478333
12.4820698452
12.4837955763
12.4894314861
12.4857975599
12.482565255
12.4798224874
12.4851679001
12.485976705
12.4847804528
12.5236333607
12.5442581574
12.5420060258
12.5375783559
12.5499819705
12.5500300651
12.5487122405
12.5506052421
12.5678259177
12.5664517087
12.5609682545
12.5541169142
12.5381885623
12.5399136697
12.5426885133
12.5440241228
12.5465842947
12.5532124416
12.5415166103
12.5553808897
12.5484615658
12.5546860741
12.557941859
12.5553069917
12.5520229969
12.5520118165
12.4769466456
12.4722508679
12.4701899806
12.4775707581
12.4874229205
12.48743734
12.479993263
12.4844947191
12.4967411274
12.5000458159
12.5277099165
12.5243818785
12.5123677169
12.4800826252
12.4875753246
12.4954770251
12.4680238221
12.469465802
12.471438179
12.4609172426
12.4662530539
12.4716154945
12.4691891906
12.4496225524
12.4457091137
12.4464903208
12.4506005108
12.4500859389
12.4498328933
12.4465020267
12.4442492902
12.4467066128
12.450482239
12.4459524183
12.4542551997
12.4680138532
12.4702849145
12.4702491164
12.4702220749
12.4692738842
12.4647848301
12.4673263301
12.4683772359
12.4677373955
12.4670936935
12.4549503707
12.4530750049
12.4528329363
12.4520588244
12.4397065299
12.4382635107
12.4328729807
12.4362462883
12.4353106237
12.4356945034
12.4403693865
12.4408375667
12.4362379277
12.4355827424
12.4404494369
12.4447885212
12.4435489266
12.4459157465
12.4439107898
12.4457835948
12.4425745999
12.4512305303
12.4481457285
12.4722896494
12.4713346072
12.4700660478
12.4693899007
12.4747959211
12.476072093
12.4424969627
12.4422919373
12.4475256151
12.4349684791
12.4467273183
12.3932805315
12.3965040828
12.3995584831
12.3995453979
12.4320424471
12.4363307075
12.432782092
12.4280694499
12.4293781224
12.42578963
12.4252575105
12.4252539103
12.4329460307
12.432715802
12.4361733485
12.4338090541
12.4396070148
12.4344604189
12.4307052528
12.4300421436
12.4304883996
12.4387329054
12.4452355676
12.4425507589
12.4426665972
12.4420078316
12.4022567879
12.4005296911
12.4001375673
12.413368376
12.4076118033
12.4170600705
12.4174422457
12.3846383389
12.3809119928
12.3799631332
12.3823490929
12.3761870485
12.3812507712
12.3811501468
12.3791835488
12.4103408548
12.4636894532
12.4638795217
12.4713143931
12.4746541865
12.4732259573
12.4729115814
12.4989200192
12.4949680081
12.4923894965
12.5150493646
12.502631005
12.4984507839
12.4902267197
12.4932188367
12.4858685956
12.4738617516
12.4735727878
12.4903071291
12.4829075685
12.4726822049
12.468344568
12.469778529
12.4590129008
12.457839435
12.4561836334
12.455575296
12.446920423
12.4439077812
12.4586241491
12.4654134663
12.465534787
12.4638043834
12.4564973705
12.4541625821
12.4673889165
12.462984727
12.4657220571
12.4706544266
12.4719708738
12.4705639065
12.4699777986
12.4718662064
12.4712186677
12.470435869
12.4623254717
12.4601936737
12.459607136
12.4570395345
12.4517009452
12.4519240604
12.4482663207
12.4442433438
12.4441801411
12.4316973952
12.4429654084
12.4426602063
12.4476277087
12.4461468391
12.4427515028
12.4553727142
12.452445845
12.4521311938
12.4465854207
12.44652049
12.4546082507
12.459418688
12.4559374551
12.4546602294
12.453311645
12.4535931638
12.4533559847
12.4606214295
12.4609916109
12.4611902853
12.4628967428
12.4603524998
12.4630342717
12.4648392045
12.462741349
12.4597498775
12.4559134476
12.4698170742
12.4646198066
12.464315437
12.468389461
12.4673241447
12.4696304664
12.4715567153
12.4775321797
12.4737121382
12.4730184432
12.4651898363
12.4660212177
12.4674441453
12.4647845599
12.4575033224
12.4414025447
12.4406276482
12.4370554114
12.4431773575
12.4462879157
12.4494557625
12.4505452674
12.451064634
12.454117721
12.4534538008
12.4579330455
12.4546583832
12.4546098479
12.4528240922
12.4560357842
12.4571957913
12.4578500565
12.4626309224
12.4623009708
12.461985844
12.4661481368
12.4739447435
12.4784068638
12.4799270281
12.4604501897
12.4603090855
12.4603828633
12.4585194699
12.4662968413
12.4655109765
12.4715445742
12.4847700256
12.4839283277
12.4921422906
12.4894076739
12.4891464312
12.4992961619
12.4965191684
12.4970887168
12.4945498389
12.485024203
12.4884825272
12.4760863657
12.4602541856
12.4622486645
12.4511025863
12.4503429284
12.4260004475
12.4258269298
12.428691952
12.4295024384
12.4232766474
12.4289429248
12.4101117758
12.378064387
12.3777473319
12.3767867751
12.3688341461
12.3742838252
12.3712285255
12.367045477
12.3674079188
12.3680007679
12.322630554
12.3280059496
12.3338621221
12.3341904264
12.3280097061
12.3373866933
12.3377752923
12.3410453965
12.3544777342
12.3578657296
12.3659453546
12.3586487817
12.3589329557
12.3595910995
12.359669571
12.3596659424
12.364756865
12.3686766484
12.3649072054
12.3660576489
12.3705840537
12.3715408503
12.3801379539
12.372621823
12.3773201522
12.3832584674
12.3823472748
12.3836073822
12.3835503479
12.3848763578
12.3922319823
12.3791822179
12.3736551358
12.3741920315
12.3776072262
12.3716208863
12.3711557695
12.3687945417
12.3624840795
12.3589643746
12.3567532413
12.3562683899
12.3650884757
12.3740523824
12.3707770478
12.371139078
12.3715334071
12.3870267159
12.3874419735
12.3775249535
12.3914369396
12.3956771231
12.4019963624
12.4068166865
12.4101117706
12.4104629119
12.4130773644
12.4279650031
12.4330259164
12.4354359203
12.43544275
12.4426764265
12.4674216971
12.4763916953
12.4752780694
12.4808765806
12.491155989
12.4920945452
12.4932722503
12.4925608378
12.4861586476
12.4716944523
12.4730401474
12.4690542821
12.4789736303
12.4875487913
12.4876062015
12.4853251456
12.4855094488
12.4858784724
12.4844757472
12.4848200883
12.4731581602
12.4777342675
12.4792220124
12.4692975562
12.4659188976
12.4665706299
12.4697310017
12.4582815843
12.4587194233
12.4625682387
12.4618241687
12.4607019942
12.4436127719
12.4542384239
12.4520867529
12.4516789095
12.4540749097
12.451384291
12.4491191004
12.4460258215
12.4279444666
12.4274831602
12.4350867247
12.4352695034
12.4636708892
12.4682111768
12.4672725421
12.443550843
12.4233922323
12.4105435403
12.4156432952
12.4167739488
12.4369186993
12.4321068105
12.4297600441
12.4288623248
12.4297406499
12.3776925126
12.3810133296
12.3811568073
12.3805322868
12.3812146895
12.3836849999
12.3850218231
12.3825142852
12.3826617278
12.3806247426
12.3767190743
12.3632831873
12.3687493752
12.3528566644
12.3542986848
12.3566819401
12.357522202
12.3545240334
12.2929867702
12.2939461244
12.2966000207
12.3076783694
12.2994683873
12.2909085201
12.2900561608
12.2899873049
12.2875458812
12.287082057
12.2860145345
12.2858976056
12.2861314046
12.2899969223
12.3036563855
12.3081489712
12.3117756888
12.3156364241
12.3153968189
12.3027758792
12.3004753528
12.2908581823
12.2990487906
12.3000748079
12.3015352721
12.2991867055
12.2999148202
12.3056132672
12.3068616674
12.3129178286
12.3097654726
12.3016290962
12.302129759
12.3075518187
12.3035127455
12.2912169522
12.2906169312
12.2900607812
12.275221895
12.2699378368
12.2703720372
12.2685740338
12.2501144246
12.2455537764
12.2454868663
12.2480624197
12.2391984949
12.2382162402
12.2439005769
12.2610189869
12.2694932529
12.2725419653
12.2715520781
12.2737379559
12.2668091337
12.2699664078
12.2768970908
12.2766986074
12.2842404661
12.2858333995
12.2911636697
12.2912193256
12.28378052
12.2834742595
12.2833010289
12.2738332023
12.2767637567
12.281803893
12.2816866903
12.2795181017
12.3209395971
12.3210465589
12.3246845376
12.3302776506
12.330600138
12.3276674674
12.3360420629
12.3309564307
12.3168030066
12.3190280041
12.3278849121
12.3324313295
12.3209496011
12.324206256
12.3233466037
12.3233862406
12.3260095127
12.3296452068
12.3297621817
12.329760277
12.3278109138
12.3323482781
12.3268479847
12.3289677046
12.3205415524
12.3149490751
12.3131771543
12.3143749423
12.3160388897
12.3227622671
12.326882019
12.3364275749
12.3458784688
12.3454468882
12.3448678617
12.3508390796
12.3504420309
12.3504196091
12.3485060615
12.3511065064
12.3640807725
12.3690878147
12.3670265556
12.3708425544
12.3745033428
12.381750126
12.3838720256
12.3833369593
12.3911629548
12.392654865
12.3924794445
12.3927915147
12.3968614166
12.3971138143
12.3933188509
12.3931326303
12.3932799729
12.3922868031
12.3941475309
12.393981259
12.3909948228
12.3910532985
12.3924530091
12.3933622422
12.3982021397
12.3997739689
12.3979331146
12.4009189947
12.4012790175
12.4042323857
12.4047994005
12.4070250691
12.4098348743
12.4186918865
12.4177846341
12.4223311411
12.4238277828
12.4306728318
12.430726354
12.4310683416
12.4274931875
12.4359192656
12.4358711217
12.4335241892
12.4404644695
12.4387045428
12.4388108168
12.4385119102
12.4382372878
12.4386161143
12.4452797172
12.4502468017
12.4501692675
12.450926823
12.4571346086
12.4572789971
12.4572582991
12.4640782564
12.4670751405
12.4658976767
12.4667332626
12.464326122
12.4721366166
12.4659776257
12.4761579342
12.4793149752
12.4806119254
12.4845620213
12.4923280142
12.5042584352
12.4900150035
12.4935311644
12.4923484571
12.4792166975
12.4870981787
12.4884065908
12.4875793104
12.4857120143
12.4858487561
12.4857851153
12.48598436
12.4996444899
12.4995536385
12.4970084545
12.5041057712
12.4941625815
12.4942743884
12.5082926036
12.5072298092
12.5070982284
12.509263082
12.5091780882
12.5090761577
12.4946646983
12.4958594778
12.4540677346
12.4539190661
12.4537842348
12.4536051938
12.4568011023
12.4629741229
12.4702530208
12.4711591943
12.4807243473
12.4819243268
12.4803300378
12.4850761471
12.4846132353
12.4819648868
12.4811660543
12.4806723698
12.4848797556
12.4405123357
12.4412106664
12.4554135818
12.4613135981
12.4548949967
12.4558299096
12.4580645435
12.4634589791
12.4624159137
12.4670972715
12.4675505527
12.4644662283
12.4685440047
12.4576553973
12.4613459726
12.468319774
12.4929755713
12.4925393748
12.4828429219
12.4739269702
12.4705565631
12.4752591159
12.4752262641
12.4742674509
12.4735155239
12.4792562149
12.4793351127
12.4835990777
12.4834947744
12.4835216621
12.475495185
12.4800250347
12.4348258339
12.4361163846
12.4358329242
12.4388110702
12.4315056005
12.4356554069
12.4359208759
12.4366089184
12.4364884769
12.4383331057
12.4476770465
12.4538860355
12.453919282
12.4563706598
12.4608426059
12.4664749185
12.4681617717
12.4684504035
12.4767846659
12.4810526586
12.4807364521
12.4747151338
12.4711172231
12.4710156738
12.4673832205
12.4672159827
12.4659399778
12.4656768326
12.4686601909
12.4713220864
12.471168878
12.481161837
12.4811809124
12.4880417138
12.488142279
12.4721291553
12.470851628
12.4671660869
12.4639243532
12.4702609517
12.465769592
12.4658565328
12.4603089942
12.4608877442
12.4622589735
12.469252911
12.4694876186
12.4663521328
12.4593702549
12.4617254269
12.4562493948
12.455540962
12.4551554358
12.4569913474
12.4600244458
12.4427278625
12.4426278961
12.4442102068
12.4445859317
12.4446498536
12.4443400237
12.4482384221
12.4483509981
12.4480125217
12.4501315389
12.4529861209
12.4571133986
12.4627285286
12.4695926638
12.4636588226
12.4634687316
12.4677251468
12.4649276052
12.4759506303
12.4750749523
12.4758283862
12.4589593904
12.4625643048
12.4657587607
12.4667959679
12.4656927488
12.4747121326
12.474946223
12.477893712
12.4779175576
12.4818901809
12.4832544689
12.4731519088
12.4731995778
12.4607269543
12.4569394098
12.4700218915
12.4798310366
12.4835921487
12.4837220595
12.4825768172
12.4851228913
12.4849475037
12.4848586347
12.4868964546
12.488693962
12.4900903437
12.4917284702
12.4786250705
12.4790014704
12.481834065
12.4836290383
12.4827551452
12.4845183473
12.4843134856
12.4846306364
12.4860474084
12.5021638177
12.5039122129
12.5029998576
12.4965739434
12.4997846399
12.5024964095
12.5023831667
12.5023468031
12.5064432292
12.5166825126
12.5129000066
12.5112528952
12.5109691569
12.5022729151
12.4999532932
12.4990630853
12.4988851063
12.5072324878
12.5071857508
12.500318451
12.4982019228
12.4982961273
12.4956565856
12.4957552664
12.5028620877
12.506196738
12.5097182957
12.5141853968

